>AATSATWAGAAT	1-AATSATWAGAAT	8.537581	-26.803421	0	T:6.0(4.29%),B:12.8(0.03%),P:1e-11	Tpos:109.2,Tstd:52.0,Bpos:91.4,Bstd:50.2,StrandBias:1.0,Multiplicity:1.00
0.997	0.001	0.001	0.001
0.949	0.025	0.025	0.001
0.001	0.001	0.001	0.997
0.025	0.460	0.514	0.001
0.995	0.003	0.001	0.001
0.003	0.001	0.025	0.971
0.539	0.001	0.001	0.459
0.974	0.001	0.024	0.001
0.001	0.001	0.997	0.001
0.997	0.001	0.001	0.001
0.997	0.001	0.001	0.001
0.001	0.001	0.024	0.974
>TTMCCATAMWTK	2-TTMCCATAMWTK	10.467287	-23.784034	0	T:4.0(2.86%),B:2.2(0.00%),P:1e-10	Tpos:82.0,Tstd:37.3,Bpos:115.9,Bstd:29.2,StrandBias:2.0,Multiplicity:1.25
0.001	0.001	0.026	0.972
0.001	0.001	0.026	0.972
0.539	0.459	0.001	0.001
0.001	0.997	0.001	0.001
0.001	0.997	0.001	0.001
0.997	0.001	0.001	0.001
0.001	0.001	0.001	0.997
0.997	0.001	0.001	0.001
0.459	0.539	0.001	0.001
0.539	0.001	0.001	0.459
0.001	0.001	0.001	0.997
0.001	0.001	0.539	0.459
>CCCTGTGCCAAT	3-CCCTGTGCCAAT	14.006431	-20.860860	0	T:5.0(3.57%),B:14.8(0.03%),P:1e-9	Tpos:81.4,Tstd:67.8,Bpos:106.7,Bstd:48.2,StrandBias:10.0,Multiplicity:1.00
0.001	0.997	0.001	0.001
0.001	0.997	0.001	0.001
0.001	0.997	0.001	0.001
0.001	0.001	0.224	0.774
0.001	0.154	0.844	0.001
0.001	0.001	0.001	0.997
0.001	0.001	0.997	0.001
0.001	0.997	0.001	0.001
0.001	0.997	0.001	0.001
0.997	0.001	0.001	0.001
0.801	0.197	0.001	0.001
0.001	0.224	0.001	0.774
>AGGCCTGGCTGT	4-AGGCCTGGCTGT	13.241398	-20.569972	0	T:8.0(5.71%),B:104.2(0.22%),P:1e-8	Tpos:117.2,Tstd:53.1,Bpos:101.2,Bstd:79.3,StrandBias:1.6,Multiplicity:1.00
0.897	0.001	0.101	0.001
0.191	0.001	0.807	0.001
0.001	0.001	0.997	0.001
0.001	0.997	0.001	0.001
0.001	0.844	0.154	0.001
0.001	0.001	0.001	0.997
0.001	0.001	0.872	0.126
0.001	0.001	0.997	0.001
0.131	0.867	0.001	0.001
0.001	0.001	0.001	0.997
0.001	0.001	0.997	0.001
0.102	0.074	0.001	0.823
>AGGGMCTGGCAG	5-AGGGMCTGGCAG	9.926104	-20.191696	0	T:18.0(12.86%),B:1028.6(2.15%),P:1e-8	Tpos:94.0,Tstd:60.3,Bpos:100.3,Bstd:70.3,StrandBias:1.0,Multiplicity:1.00
0.493	0.179	0.133	0.195
0.048	0.133	0.818	0.001
0.001	0.132	0.866	0.001
0.001	0.132	0.866	0.001
0.418	0.449	0.001	0.133
0.270	0.444	0.001	0.285
0.062	0.001	0.156	0.781
0.001	0.015	0.983	0.001
0.001	0.001	0.866	0.132
0.133	0.752	0.114	0.001
0.902	0.052	0.001	0.045
0.133	0.052	0.799	0.016
>TCCAGCAGGGGG	6-TCCAGCAGGGGG	10.744562	-19.155954	0	T:14.0(10.00%),B:614.9(1.29%),P:1e-8	Tpos:91.5,Tstd:46.0,Bpos:107.5,Bstd:72.5,StrandBias:0.0,Multiplicity:1.14
0.073	0.228	0.069	0.630
0.001	0.941	0.057	0.001
0.001	0.997	0.001	0.001
0.938	0.001	0.001	0.060
0.001	0.001	0.997	0.001
0.001	0.873	0.125	0.001
0.883	0.001	0.115	0.001
0.001	0.001	0.929	0.069
0.216	0.001	0.782	0.001
0.117	0.055	0.525	0.303
0.112	0.001	0.725	0.162
0.105	0.003	0.790	0.102
>TGCCCAAACAAT	7-TGCCCAAACAAT	7.806656	-18.157405	0	T:19.0(13.57%),B:1317.9(2.76%),P:1e-7	Tpos:117.7,Tstd:51.5,Bpos:98.3,Bstd:67.1,StrandBias:0.8,Multiplicity:1.06
0.219	0.001	0.001	0.779
0.072	0.072	0.855	0.001
0.001	0.927	0.071	0.001
0.072	0.855	0.001	0.072
0.125	0.730	0.144	0.001
0.806	0.130	0.063	0.001
0.718	0.072	0.080	0.130
0.693	0.055	0.108	0.144
0.001	0.783	0.001	0.215
0.557	0.226	0.001	0.216
0.609	0.135	0.198	0.058
0.058	0.050	0.196	0.696
>CAGAGTWCAYKY	8-CAGAGTWCAYKY	8.631108	-16.884413	0	T:6.0(4.29%),B:64.1(0.13%),P:1e-7	Tpos:130.9,Tstd:50.8,Bpos:98.4,Bstd:63.4,StrandBias:3.2,Multiplicity:1.67
0.001	0.997	0.001	0.001
0.997	0.001	0.001	0.001
0.001	0.001	0.997	0.001
0.997	0.001	0.001	0.001
0.001	0.001	0.997	0.001
0.001	0.001	0.001	0.997
0.460	0.055	0.001	0.485
0.001	0.997	0.001	0.001
0.997	0.001	0.001	0.001
0.001	0.513	0.001	0.485
0.025	0.001	0.514	0.460
0.025	0.464	0.025	0.485
>GGGCACCGCCCT	9-GGGCACCGCCCT	13.793519	-16.471379	0	T:5.0(3.57%),B:34.9(0.07%),P:1e-7	Tpos:144.0,Tstd:49.4,Bpos:97.2,Bstd:59.9,StrandBias:1.3,Multiplicity:1.40
0.001	0.001	0.997	0.001
0.001	0.001	0.997	0.001
0.212	0.001	0.786	0.001
0.001	0.997	0.001	0.001
0.871	0.127	0.001	0.001
0.001	0.997	0.001	0.001
0.161	0.714	0.001	0.124
0.001	0.001	0.997	0.001
0.001	0.997	0.001	0.001
0.001	0.838	0.001	0.160
0.001	0.997	0.001	0.001
0.001	0.001	0.001	0.997
>AGTTGCCCAACT	10-AGTTGCCCAACT	13.853121	-14.493849	0	T:3.0(2.14%),B:5.6(0.01%),P:1e-6	Tpos:96.0,Tstd:44.6,Bpos:91.4,Bstd:59.0,StrandBias:1.0,Multiplicity:2.00
0.684	0.001	0.314	0.001
0.001	0.001	0.997	0.001
0.001	0.001	0.369	0.629
0.001	0.001	0.001	0.997
0.001	0.001	0.997	0.001
0.001	0.997	0.001	0.001
0.001	0.997	0.001	0.001
0.001	0.684	0.001	0.314
0.997	0.001	0.001	0.001
0.684	0.314	0.001	0.001
0.314	0.684	0.001	0.001
0.001	0.001	0.001	0.997
>CCCTACTGACTG	11-CCCTACTGACTG	16.402811	-5.834153	0	T:1.0(0.71%),B:0.0(0.00%),P:1e-2	Tpos:99.8,Tstd:41.9,Bpos:0.0,Bstd:0.0,StrandBias:10.0,Multiplicity:5.00
0.001	0.997	0.001	0.001
0.001	0.997	0.001	0.001
0.001	0.997	0.001	0.001
0.001	0.001	0.001	0.997
0.997	0.001	0.001	0.001
0.001	0.997	0.001	0.001
0.001	0.001	0.001	0.997
0.001	0.001	0.997	0.001
0.819	0.001	0.001	0.179
0.001	0.997	0.001	0.001
0.001	0.001	0.001	0.997
0.001	0.001	0.997	0.001
>GTGAGGGAGCGC	12-GTGAGGGAGCGC	16.215348	-5.834153	0	T:1.0(0.71%),B:0.5(0.00%),P:1e-2	Tpos:83.7,Tstd:54.9,Bpos:91.0,Bstd:0.0,StrandBias:10.0,Multiplicity:3.00
0.001	0.001	0.997	0.001
0.001	0.001	0.001	0.997
0.001	0.001	0.997	0.001
0.997	0.001	0.001	0.001
0.001	0.001	0.997	0.001
0.001	0.001	0.997	0.001
0.001	0.001	0.997	0.001
0.997	0.001	0.001	0.001
0.001	0.001	0.997	0.001
0.001	0.679	0.001	0.319
0.001	0.001	0.997	0.001
0.001	0.997	0.001	0.001
>CTTGTGGGAGAC	13-CTTGTGGGAGAC	12.355432	-5.142460	0	T:1.0(0.71%),B:2.3(0.00%),P:1e-2	Tpos:101.0,Tstd:62.2,Bpos:94.0,Bstd:29.4,StrandBias:10.0,Multiplicity:5.00
0.100	0.700	0.100	0.100
0.100	0.100	0.100	0.700
0.100	0.100	0.100	0.700
0.100	0.100	0.700	0.100
0.100	0.100	0.100	0.700
0.100	0.100	0.700	0.100
0.100	0.100	0.700	0.100
0.100	0.100	0.700	0.100
0.700	0.100	0.100	0.100
0.100	0.100	0.700	0.100
0.700	0.100	0.100	0.100
0.100	0.700	0.100	0.100
