>TTGTTTGC	1-TTGTTTGC	6.926985	-36.681451	0	T:36.0(25.71%),B:2320.7(4.86%),P:1e-15	Tpos:97.7,Tstd:51.7,Bpos:99.8,Bstd:69.7,StrandBias:-0.4,Multiplicity:1.17
0.016	0.137	0.026	0.821
0.001	0.049	0.033	0.917
0.024	0.001	0.952	0.023
0.001	0.001	0.019	0.979
0.001	0.025	0.052	0.922
0.035	0.001	0.017	0.947
0.233	0.028	0.738	0.001
0.001	0.956	0.042	0.001
>CATTCCTA	2-CATTCCTA	7.588937	-27.914228	0	T:26.0(18.57%),B:1556.4(3.26%),P:1e-12	Tpos:109.3,Tstd:50.2,Bpos:97.7,Bstd:68.7,StrandBias:-0.9,Multiplicity:1.04
0.001	0.954	0.044	0.001
0.997	0.001	0.001	0.001
0.001	0.001	0.001	0.997
0.061	0.025	0.074	0.840
0.001	0.997	0.001	0.001
0.049	0.851	0.001	0.099
0.001	0.001	0.001	0.997
0.508	0.208	0.246	0.038
>TTGGCACA	3-TTGGCACA	6.255817	-22.159688	0	T:42.0(30.00%),B:5042.1(10.55%),P:1e-9	Tpos:101.9,Tstd:52.0,Bpos:99.7,Bstd:74.0,StrandBias:-0.5,Multiplicity:1.02
0.013	0.118	0.025	0.844
0.024	0.047	0.001	0.928
0.001	0.001	0.997	0.001
0.036	0.015	0.921	0.028
0.001	0.935	0.015	0.049
0.843	0.095	0.061	0.001
0.023	0.825	0.104	0.048
0.886	0.038	0.059	0.017
>GCTGCCAG	4-GCTGCCAG	7.206975	-20.063229	0	T:64.0(45.71%),B:10887.0(22.79%),P:1e-8	Tpos:94.7,Tstd:56.5,Bpos:99.2,Bstd:77.9,StrandBias:-0.2,Multiplicity:1.36
0.062	0.182	0.755	0.001
0.049	0.819	0.123	0.009
0.074	0.009	0.044	0.873
0.001	0.001	0.997	0.001
0.001	0.837	0.161	0.001
0.001	0.978	0.020	0.001
0.934	0.001	0.001	0.064
0.086	0.077	0.836	0.001
>ACTGTCTG	5-ACTGTCTG	6.631668	-19.160830	0	T:50.0(35.71%),B:7458.4(15.61%),P:1e-8	Tpos:97.6,Tstd:58.2,Bpos:101.1,Bstd:71.9,StrandBias:0.1,Multiplicity:1.52
0.749	0.082	0.070	0.099
0.038	0.943	0.001	0.018
0.027	0.032	0.041	0.900
0.001	0.001	0.935	0.063
0.246	0.001	0.027	0.726
0.001	0.877	0.048	0.074
0.001	0.001	0.001	0.997
0.029	0.001	0.969	0.001
>AATCTTTG	6-AATCTTTG	6.645824	-14.642468	0	T:21.0(15.00%),B:2001.9(4.19%),P:1e-6	Tpos:117.3,Tstd:47.1,Bpos:96.9,Bstd:64.6,StrandBias:-0.3,Multiplicity:1.24
0.911	0.001	0.041	0.047
0.969	0.001	0.001	0.029
0.035	0.034	0.062	0.869
0.283	0.628	0.031	0.058
0.058	0.034	0.001	0.907
0.067	0.001	0.001	0.931
0.056	0.001	0.001	0.942
0.068	0.046	0.885	0.001
>GGACTCTG	7-GGACTCTG	8.077200	-13.031121	0	T:16.0(11.43%),B:1334.7(2.79%),P:1e-5	Tpos:122.0,Tstd:49.3,Bpos:99.3,Bstd:65.3,StrandBias:-0.3,Multiplicity:1.25
0.001	0.001	0.997	0.001
0.048	0.001	0.892	0.059
0.997	0.001	0.001	0.001
0.001	0.954	0.001	0.044
0.001	0.001	0.001	0.997
0.060	0.771	0.001	0.168
0.001	0.001	0.001	0.997
0.001	0.001	0.974	0.024
>TACCATAC	8-TACCATAC	10.806658	-12.523947	0	T:4.0(2.86%),B:34.9(0.07%),P:1e-5	Tpos:74.2,Tstd:38.6,Bpos:110.5,Bstd:57.3,StrandBias:0.0,Multiplicity:1.00
0.001	0.001	0.001	0.997
0.997	0.001	0.001	0.001
0.001	0.997	0.001	0.001
0.001	0.997	0.001	0.001
0.997	0.001	0.001	0.001
0.001	0.001	0.001	0.997
0.997	0.001	0.001	0.001
0.001	0.769	0.001	0.229
>GGAGACGT	9-GGAGACGT	8.072948	-10.614352	0	T:9.0(6.43%),B:516.6(1.08%),P:1e-4	Tpos:116.4,Tstd:63.0,Bpos:98.9,Bstd:63.2,StrandBias:1.7,Multiplicity:1.44
0.001	0.001	0.997	0.001
0.001	0.001	0.997	0.001
0.722	0.132	0.145	0.001
0.001	0.069	0.929	0.001
0.997	0.001	0.001	0.001
0.001	0.997	0.001	0.001
0.001	0.001	0.997	0.001
0.001	0.001	0.001	0.997
