>TGTTTGTTTA	1-TGTTTGTTTA	6.604505	-34.905156	0	T:38.0(27.14%),B:2766.7(5.79%),P:1e-15	Tpos:111.5,Tstd:57.9,Bpos:102.4,Bstd:67.9,StrandBias:-0.2,Multiplicity:1.21
0.099	0.025	0.097	0.779
0.082	0.148	0.664	0.106
0.028	0.051	0.083	0.838
0.064	0.072	0.074	0.790
0.001	0.001	0.090	0.908
0.071	0.001	0.888	0.040
0.001	0.181	0.079	0.739
0.025	0.082	0.043	0.850
0.026	0.045	0.137	0.792
0.758	0.100	0.070	0.072
>TGTGTAAACA	2-TGTGTAAACA	7.781912	-28.920049	0	T:20.0(14.29%),B:789.0(1.65%),P:1e-12	Tpos:86.7,Tstd:50.9,Bpos:103.7,Bstd:71.2,StrandBias:0.7,Multiplicity:1.00
0.164	0.061	0.082	0.693
0.003	0.219	0.717	0.061
0.202	0.001	0.101	0.696
0.101	0.147	0.751	0.001
0.106	0.043	0.001	0.850
0.793	0.044	0.112	0.051
0.894	0.001	0.055	0.050
0.879	0.055	0.065	0.001
0.118	0.745	0.045	0.092
0.997	0.001	0.001	0.001
>GAGGGATTGG	3-GAGGGATTGG	8.881913	-25.516325	0	T:16.0(11.43%),B:541.8(1.13%),P:1e-11	Tpos:95.9,Tstd:60.9,Bpos:97.7,Bstd:63.2,StrandBias:2.0,Multiplicity:1.00
0.001	0.001	0.997	0.001
0.794	0.204	0.001	0.001
0.001	0.001	0.997	0.001
0.103	0.001	0.895	0.001
0.001	0.001	0.997	0.001
0.861	0.064	0.001	0.074
0.064	0.055	0.001	0.880
0.001	0.001	0.053	0.945
0.001	0.154	0.731	0.114
0.001	0.001	0.997	0.001
>CACATTCCTA	4-CACATTCCTA	6.885775	-25.088040	0	T:36.0(25.71%),B:3430.1(7.18%),P:1e-10	Tpos:110.2,Tstd:56.3,Bpos:101.0,Bstd:66.9,StrandBias:-1.1,Multiplicity:1.14
0.024	0.852	0.091	0.033
0.706	0.138	0.064	0.092
0.109	0.854	0.001	0.036
0.763	0.135	0.074	0.028
0.027	0.031	0.108	0.834
0.045	0.069	0.039	0.847
0.031	0.919	0.049	0.001
0.042	0.833	0.001	0.124
0.157	0.111	0.048	0.684
0.715	0.087	0.095	0.103
>CAGAGTCCAT	5-CAGAGTCCAT	9.961936	-23.223079	0	T:15.0(10.71%),B:536.6(1.12%),P:1e-10	Tpos:124.7,Tstd:53.9,Bpos:99.0,Bstd:64.8,StrandBias:0.8,Multiplicity:1.27
0.001	0.997	0.001	0.001
0.997	0.001	0.001	0.001
0.113	0.001	0.885	0.001
0.918	0.001	0.080	0.001
0.001	0.001	0.997	0.001
0.001	0.001	0.001	0.997
0.001	0.900	0.001	0.098
0.001	0.997	0.001	0.001
0.886	0.051	0.001	0.062
0.070	0.291	0.038	0.601
>AGGTGCTGAC	6-AGGTGCTGAC	9.394296	-21.893451	0	T:15.0(10.71%),B:591.3(1.24%),P:1e-9	Tpos:77.6,Tstd:51.3,Bpos:96.2,Bstd:74.1,StrandBias:-0.4,Multiplicity:1.07
0.791	0.001	0.207	0.001
0.111	0.001	0.887	0.001
0.001	0.001	0.997	0.001
0.001	0.001	0.065	0.933
0.001	0.090	0.908	0.001
0.001	0.997	0.001	0.001
0.090	0.001	0.163	0.746
0.001	0.082	0.916	0.001
0.902	0.053	0.044	0.001
0.001	0.997	0.001	0.001
>TGCATGCCAA	7-TGCATGCCAA	9.849746	-21.130318	0	T:10.0(7.14%),B:203.9(0.43%),P:1e-9	Tpos:112.2,Tstd:59.3,Bpos:97.7,Bstd:76.3,StrandBias:-1.4,Multiplicity:1.10
0.001	0.001	0.128	0.870
0.001	0.001	0.997	0.001
0.001	0.997	0.001	0.001
0.699	0.096	0.204	0.001
0.001	0.001	0.001	0.997
0.001	0.001	0.997	0.001
0.001	0.997	0.001	0.001
0.001	0.997	0.001	0.001
0.706	0.001	0.167	0.126
0.823	0.110	0.066	0.001
>GCCAGCAGGG	8-GCCAGCAGGG	9.712618	-20.388932	0	T:18.0(12.86%),B:1015.2(2.12%),P:1e-8	Tpos:81.9,Tstd:41.7,Bpos:99.0,Bstd:72.5,StrandBias:0.3,Multiplicity:1.06
0.111	0.001	0.613	0.275
0.001	0.924	0.019	0.056
0.001	0.997	0.001	0.001
0.898	0.077	0.001	0.024
0.001	0.046	0.952	0.001
0.001	0.966	0.032	0.001
0.909	0.063	0.001	0.027
0.061	0.001	0.803	0.135
0.037	0.001	0.961	0.001
0.001	0.001	0.997	0.001
>AMATGGTTTG	9-AMATGGTTTG	8.989318	-19.088791	0	T:8.0(5.71%),B:126.2(0.26%),P:1e-8	Tpos:75.2,Tstd:57.0,Bpos:97.0,Bstd:68.1,StrandBias:-1.6,Multiplicity:1.00
0.643	0.006	0.350	0.001
0.338	0.406	0.001	0.255
0.757	0.001	0.118	0.124
0.001	0.347	0.081	0.571
0.001	0.001	0.586	0.412
0.001	0.001	0.997	0.001
0.226	0.009	0.001	0.764
0.001	0.003	0.142	0.854
0.001	0.001	0.141	0.857
0.362	0.010	0.627	0.001
>GGCABKGSSC	10-GGCABKGSSC	6.553014	-16.724422	0	T:65.0(46.43%),B:12095.5(25.32%),P:1e-7	Tpos:105.7,Tstd:55.8,Bpos:99.0,Bstd:71.9,StrandBias:-0.1,Multiplicity:1.47
0.001	0.001	0.997	0.001
0.001	0.001	0.997	0.001
0.001	0.997	0.001	0.001
0.849	0.149	0.001	0.001
0.001	0.410	0.302	0.287
0.063	0.246	0.405	0.285
0.001	0.001	0.881	0.117
0.001	0.490	0.508	0.001
0.001	0.504	0.387	0.108
0.196	0.802	0.001	0.001
>AATTCCATCT	11-AATTCCATCT	7.515931	-13.775588	0	T:11.0(7.86%),B:564.9(1.18%),P:1e-5	Tpos:117.1,Tstd:44.9,Bpos:97.5,Bstd:65.9,StrandBias:1.3,Multiplicity:1.27
0.997	0.001	0.001	0.001
0.899	0.001	0.099	0.001
0.001	0.259	0.001	0.739
0.001	0.001	0.001	0.997
0.001	0.997	0.001	0.001
0.001	0.997	0.001	0.001
0.694	0.090	0.215	0.001
0.133	0.001	0.093	0.773
0.001	0.997	0.001	0.001
0.001	0.001	0.001	0.997
>ACCATATATG	12-ACCATATATG	8.614017	-13.069406	0	T:7.0(5.00%),B:195.1(0.41%),P:1e-5	Tpos:89.9,Tstd:31.3,Bpos:101.0,Bstd:66.2,StrandBias:0.7,Multiplicity:1.00
0.522	0.183	0.294	0.001
0.001	0.997	0.001	0.001
0.001	0.997	0.001	0.001
0.795	0.021	0.001	0.183
0.001	0.217	0.009	0.773
0.875	0.001	0.123	0.001
0.291	0.116	0.001	0.592
0.581	0.040	0.132	0.247
0.148	0.001	0.062	0.789
0.332	0.108	0.559	0.001
>TGGGAGACGT	13-TGGGAGACGT	10.296193	-4.230526	0	T:1.0(0.71%),B:5.8(0.01%),P:1e-1	Tpos:104.0,Tstd:62.2,Bpos:109.3,Bstd:52.7,StrandBias:10.0,Multiplicity:5.00
0.100	0.100	0.100	0.700
0.100	0.100	0.700	0.100
0.100	0.100	0.700	0.100
0.100	0.100	0.700	0.100
0.700	0.100	0.100	0.100
0.100	0.100	0.700	0.100
0.700	0.100	0.100	0.100
0.100	0.700	0.100	0.100
0.100	0.100	0.700	0.100
0.100	0.100	0.100	0.700
>CCTACTGACT	14-CCTACTGACT	10.296193	-3.450763	0	T:1.0(0.71%),B:11.8(0.02%),P:1e-1	Tpos:84.0,Tstd:52.1,Bpos:81.3,Bstd:50.3,StrandBias:10.0,Multiplicity:6.00
0.100	0.700	0.100	0.100
0.100	0.700	0.100	0.100
0.100	0.100	0.100	0.700
0.700	0.100	0.100	0.100
0.100	0.700	0.100	0.100
0.100	0.100	0.100	0.700
0.100	0.100	0.700	0.100
0.700	0.100	0.100	0.100
0.100	0.700	0.100	0.100
0.100	0.100	0.100	0.700
>AATSATWAGAAT	1-AATSATWAGAAT	8.537581	-26.803421	0	T:6.0(4.29%),B:12.8(0.03%),P:1e-11	Tpos:109.2,Tstd:52.0,Bpos:91.4,Bstd:50.2,StrandBias:1.0,Multiplicity:1.00
0.997	0.001	0.001	0.001
0.949	0.025	0.025	0.001
0.001	0.001	0.001	0.997
0.025	0.460	0.514	0.001
0.995	0.003	0.001	0.001
0.003	0.001	0.025	0.971
0.539	0.001	0.001	0.459
0.974	0.001	0.024	0.001
0.001	0.001	0.997	0.001
0.997	0.001	0.001	0.001
0.997	0.001	0.001	0.001
0.001	0.001	0.024	0.974
>TTMCCATAMWTK	2-TTMCCATAMWTK	10.467287	-23.784034	0	T:4.0(2.86%),B:2.2(0.00%),P:1e-10	Tpos:82.0,Tstd:37.3,Bpos:115.9,Bstd:29.2,StrandBias:2.0,Multiplicity:1.25
0.001	0.001	0.026	0.972
0.001	0.001	0.026	0.972
0.539	0.459	0.001	0.001
0.001	0.997	0.001	0.001
0.001	0.997	0.001	0.001
0.997	0.001	0.001	0.001
0.001	0.001	0.001	0.997
0.997	0.001	0.001	0.001
0.459	0.539	0.001	0.001
0.539	0.001	0.001	0.459
0.001	0.001	0.001	0.997
0.001	0.001	0.539	0.459
>CCCTGTGCCAAT	3-CCCTGTGCCAAT	14.006431	-20.860860	0	T:5.0(3.57%),B:14.8(0.03%),P:1e-9	Tpos:81.4,Tstd:67.8,Bpos:106.7,Bstd:48.2,StrandBias:10.0,Multiplicity:1.00
0.001	0.997	0.001	0.001
0.001	0.997	0.001	0.001
0.001	0.997	0.001	0.001
0.001	0.001	0.224	0.774
0.001	0.154	0.844	0.001
0.001	0.001	0.001	0.997
0.001	0.001	0.997	0.001
0.001	0.997	0.001	0.001
0.001	0.997	0.001	0.001
0.997	0.001	0.001	0.001
0.801	0.197	0.001	0.001
0.001	0.224	0.001	0.774
>AGGCCTGGCTGT	4-AGGCCTGGCTGT	13.241398	-20.569972	0	T:8.0(5.71%),B:104.2(0.22%),P:1e-8	Tpos:117.2,Tstd:53.1,Bpos:101.2,Bstd:79.3,StrandBias:1.6,Multiplicity:1.00
0.897	0.001	0.101	0.001
0.191	0.001	0.807	0.001
0.001	0.001	0.997	0.001
0.001	0.997	0.001	0.001
0.001	0.844	0.154	0.001
0.001	0.001	0.001	0.997
0.001	0.001	0.872	0.126
0.001	0.001	0.997	0.001
0.131	0.867	0.001	0.001
0.001	0.001	0.001	0.997
0.001	0.001	0.997	0.001
0.102	0.074	0.001	0.823
>AGGGMCTGGCAG	5-AGGGMCTGGCAG	9.926104	-20.191696	0	T:18.0(12.86%),B:1028.6(2.15%),P:1e-8	Tpos:94.0,Tstd:60.3,Bpos:100.3,Bstd:70.3,StrandBias:1.0,Multiplicity:1.00
0.493	0.179	0.133	0.195
0.048	0.133	0.818	0.001
0.001	0.132	0.866	0.001
0.001	0.132	0.866	0.001
0.418	0.449	0.001	0.133
0.270	0.444	0.001	0.285
0.062	0.001	0.156	0.781
0.001	0.015	0.983	0.001
0.001	0.001	0.866	0.132
0.133	0.752	0.114	0.001
0.902	0.052	0.001	0.045
0.133	0.052	0.799	0.016
>TCCAGCAGGGGG	6-TCCAGCAGGGGG	10.744562	-19.155954	0	T:14.0(10.00%),B:614.9(1.29%),P:1e-8	Tpos:91.5,Tstd:46.0,Bpos:107.5,Bstd:72.5,StrandBias:0.0,Multiplicity:1.14
0.073	0.228	0.069	0.630
0.001	0.941	0.057	0.001
0.001	0.997	0.001	0.001
0.938	0.001	0.001	0.060
0.001	0.001	0.997	0.001
0.001	0.873	0.125	0.001
0.883	0.001	0.115	0.001
0.001	0.001	0.929	0.069
0.216	0.001	0.782	0.001
0.117	0.055	0.525	0.303
0.112	0.001	0.725	0.162
0.105	0.003	0.790	0.102
>TGCCCAAACAAT	7-TGCCCAAACAAT	7.806656	-18.157405	0	T:19.0(13.57%),B:1317.9(2.76%),P:1e-7	Tpos:117.7,Tstd:51.5,Bpos:98.3,Bstd:67.1,StrandBias:0.8,Multiplicity:1.06
0.219	0.001	0.001	0.779
0.072	0.072	0.855	0.001
0.001	0.927	0.071	0.001
0.072	0.855	0.001	0.072
0.125	0.730	0.144	0.001
0.806	0.130	0.063	0.001
0.718	0.072	0.080	0.130
0.693	0.055	0.108	0.144
0.001	0.783	0.001	0.215
0.557	0.226	0.001	0.216
0.609	0.135	0.198	0.058
0.058	0.050	0.196	0.696
>CAGAGTWCAYKY	8-CAGAGTWCAYKY	8.631108	-16.884413	0	T:6.0(4.29%),B:64.1(0.13%),P:1e-7	Tpos:130.9,Tstd:50.8,Bpos:98.4,Bstd:63.4,StrandBias:3.2,Multiplicity:1.67
0.001	0.997	0.001	0.001
0.997	0.001	0.001	0.001
0.001	0.001	0.997	0.001
0.997	0.001	0.001	0.001
0.001	0.001	0.997	0.001
0.001	0.001	0.001	0.997
0.460	0.055	0.001	0.485
0.001	0.997	0.001	0.001
0.997	0.001	0.001	0.001
0.001	0.513	0.001	0.485
0.025	0.001	0.514	0.460
0.025	0.464	0.025	0.485
>GGGCACCGCCCT	9-GGGCACCGCCCT	13.793519	-16.471379	0	T:5.0(3.57%),B:34.9(0.07%),P:1e-7	Tpos:144.0,Tstd:49.4,Bpos:97.2,Bstd:59.9,StrandBias:1.3,Multiplicity:1.40
0.001	0.001	0.997	0.001
0.001	0.001	0.997	0.001
0.212	0.001	0.786	0.001
0.001	0.997	0.001	0.001
0.871	0.127	0.001	0.001
0.001	0.997	0.001	0.001
0.161	0.714	0.001	0.124
0.001	0.001	0.997	0.001
0.001	0.997	0.001	0.001
0.001	0.838	0.001	0.160
0.001	0.997	0.001	0.001
0.001	0.001	0.001	0.997
>AGTTGCCCAACT	10-AGTTGCCCAACT	13.853121	-14.493849	0	T:3.0(2.14%),B:5.6(0.01%),P:1e-6	Tpos:96.0,Tstd:44.6,Bpos:91.4,Bstd:59.0,StrandBias:1.0,Multiplicity:2.00
0.684	0.001	0.314	0.001
0.001	0.001	0.997	0.001
0.001	0.001	0.369	0.629
0.001	0.001	0.001	0.997
0.001	0.001	0.997	0.001
0.001	0.997	0.001	0.001
0.001	0.997	0.001	0.001
0.001	0.684	0.001	0.314
0.997	0.001	0.001	0.001
0.684	0.314	0.001	0.001
0.314	0.684	0.001	0.001
0.001	0.001	0.001	0.997
>CCCTACTGACTG	11-CCCTACTGACTG	16.402811	-5.834153	0	T:1.0(0.71%),B:0.0(0.00%),P:1e-2	Tpos:99.8,Tstd:41.9,Bpos:0.0,Bstd:0.0,StrandBias:10.0,Multiplicity:5.00
0.001	0.997	0.001	0.001
0.001	0.997	0.001	0.001
0.001	0.997	0.001	0.001
0.001	0.001	0.001	0.997
0.997	0.001	0.001	0.001
0.001	0.997	0.001	0.001
0.001	0.001	0.001	0.997
0.001	0.001	0.997	0.001
0.819	0.001	0.001	0.179
0.001	0.997	0.001	0.001
0.001	0.001	0.001	0.997
0.001	0.001	0.997	0.001
>GTGAGGGAGCGC	12-GTGAGGGAGCGC	16.215348	-5.834153	0	T:1.0(0.71%),B:0.5(0.00%),P:1e-2	Tpos:83.7,Tstd:54.9,Bpos:91.0,Bstd:0.0,StrandBias:10.0,Multiplicity:3.00
0.001	0.001	0.997	0.001
0.001	0.001	0.001	0.997
0.001	0.001	0.997	0.001
0.997	0.001	0.001	0.001
0.001	0.001	0.997	0.001
0.001	0.001	0.997	0.001
0.001	0.001	0.997	0.001
0.997	0.001	0.001	0.001
0.001	0.001	0.997	0.001
0.001	0.679	0.001	0.319
0.001	0.001	0.997	0.001
0.001	0.997	0.001	0.001
>CTTGTGGGAGAC	13-CTTGTGGGAGAC	12.355432	-5.142460	0	T:1.0(0.71%),B:2.3(0.00%),P:1e-2	Tpos:101.0,Tstd:62.2,Bpos:94.0,Bstd:29.4,StrandBias:10.0,Multiplicity:5.00
0.100	0.700	0.100	0.100
0.100	0.100	0.100	0.700
0.100	0.100	0.100	0.700
0.100	0.100	0.700	0.100
0.100	0.100	0.100	0.700
0.100	0.100	0.700	0.100
0.100	0.100	0.700	0.100
0.100	0.100	0.700	0.100
0.700	0.100	0.100	0.100
0.100	0.100	0.700	0.100
0.700	0.100	0.100	0.100
0.100	0.700	0.100	0.100
>TTGTTTGC	1-TTGTTTGC	6.926985	-36.681451	0	T:36.0(25.71%),B:2320.7(4.86%),P:1e-15	Tpos:97.7,Tstd:51.7,Bpos:99.8,Bstd:69.7,StrandBias:-0.4,Multiplicity:1.17
0.016	0.137	0.026	0.821
0.001	0.049	0.033	0.917
0.024	0.001	0.952	0.023
0.001	0.001	0.019	0.979
0.001	0.025	0.052	0.922
0.035	0.001	0.017	0.947
0.233	0.028	0.738	0.001
0.001	0.956	0.042	0.001
>CATTCCTA	2-CATTCCTA	7.588937	-27.914228	0	T:26.0(18.57%),B:1556.4(3.26%),P:1e-12	Tpos:109.3,Tstd:50.2,Bpos:97.7,Bstd:68.7,StrandBias:-0.9,Multiplicity:1.04
0.001	0.954	0.044	0.001
0.997	0.001	0.001	0.001
0.001	0.001	0.001	0.997
0.061	0.025	0.074	0.840
0.001	0.997	0.001	0.001
0.049	0.851	0.001	0.099
0.001	0.001	0.001	0.997
0.508	0.208	0.246	0.038
>TTGGCACA	3-TTGGCACA	6.255817	-22.159688	0	T:42.0(30.00%),B:5042.1(10.55%),P:1e-9	Tpos:101.9,Tstd:52.0,Bpos:99.7,Bstd:74.0,StrandBias:-0.5,Multiplicity:1.02
0.013	0.118	0.025	0.844
0.024	0.047	0.001	0.928
0.001	0.001	0.997	0.001
0.036	0.015	0.921	0.028
0.001	0.935	0.015	0.049
0.843	0.095	0.061	0.001
0.023	0.825	0.104	0.048
0.886	0.038	0.059	0.017
>GCTGCCAG	4-GCTGCCAG	7.206975	-20.063229	0	T:64.0(45.71%),B:10887.0(22.79%),P:1e-8	Tpos:94.7,Tstd:56.5,Bpos:99.2,Bstd:77.9,StrandBias:-0.2,Multiplicity:1.36
0.062	0.182	0.755	0.001
0.049	0.819	0.123	0.009
0.074	0.009	0.044	0.873
0.001	0.001	0.997	0.001
0.001	0.837	0.161	0.001
0.001	0.978	0.020	0.001
0.934	0.001	0.001	0.064
0.086	0.077	0.836	0.001
>ACTGTCTG	5-ACTGTCTG	6.631668	-19.160830	0	T:50.0(35.71%),B:7458.4(15.61%),P:1e-8	Tpos:97.6,Tstd:58.2,Bpos:101.1,Bstd:71.9,StrandBias:0.1,Multiplicity:1.52
0.749	0.082	0.070	0.099
0.038	0.943	0.001	0.018
0.027	0.032	0.041	0.900
0.001	0.001	0.935	0.063
0.246	0.001	0.027	0.726
0.001	0.877	0.048	0.074
0.001	0.001	0.001	0.997
0.029	0.001	0.969	0.001
>AATCTTTG	6-AATCTTTG	6.645824	-14.642468	0	T:21.0(15.00%),B:2001.9(4.19%),P:1e-6	Tpos:117.3,Tstd:47.1,Bpos:96.9,Bstd:64.6,StrandBias:-0.3,Multiplicity:1.24
0.911	0.001	0.041	0.047
0.969	0.001	0.001	0.029
0.035	0.034	0.062	0.869
0.283	0.628	0.031	0.058
0.058	0.034	0.001	0.907
0.067	0.001	0.001	0.931
0.056	0.001	0.001	0.942
0.068	0.046	0.885	0.001
>GGACTCTG	7-GGACTCTG	8.077200	-13.031121	0	T:16.0(11.43%),B:1334.7(2.79%),P:1e-5	Tpos:122.0,Tstd:49.3,Bpos:99.3,Bstd:65.3,StrandBias:-0.3,Multiplicity:1.25
0.001	0.001	0.997	0.001
0.048	0.001	0.892	0.059
0.997	0.001	0.001	0.001
0.001	0.954	0.001	0.044
0.001	0.001	0.001	0.997
0.060	0.771	0.001	0.168
0.001	0.001	0.001	0.997
0.001	0.001	0.974	0.024
>TACCATAC	8-TACCATAC	10.806658	-12.523947	0	T:4.0(2.86%),B:34.9(0.07%),P:1e-5	Tpos:74.2,Tstd:38.6,Bpos:110.5,Bstd:57.3,StrandBias:0.0,Multiplicity:1.00
0.001	0.001	0.001	0.997
0.997	0.001	0.001	0.001
0.001	0.997	0.001	0.001
0.001	0.997	0.001	0.001
0.997	0.001	0.001	0.001
0.001	0.001	0.001	0.997
0.997	0.001	0.001	0.001
0.001	0.769	0.001	0.229
>GGAGACGT	9-GGAGACGT	8.072948	-10.614352	0	T:9.0(6.43%),B:516.6(1.08%),P:1e-4	Tpos:116.4,Tstd:63.0,Bpos:98.9,Bstd:63.2,StrandBias:1.7,Multiplicity:1.44
0.001	0.001	0.997	0.001
0.001	0.001	0.997	0.001
0.722	0.132	0.145	0.001
0.001	0.069	0.929	0.001
0.997	0.001	0.001	0.001
0.001	0.997	0.001	0.001
0.001	0.001	0.997	0.001
0.001	0.001	0.001	0.997
