>TGTTTGTTTA	1-TGTTTGTTTA	6.604505	-34.905156	0	T:38.0(27.14%),B:2766.7(5.79%),P:1e-15	Tpos:111.5,Tstd:57.9,Bpos:102.4,Bstd:67.9,StrandBias:-0.2,Multiplicity:1.21
0.099	0.025	0.097	0.779
0.082	0.148	0.664	0.106
0.028	0.051	0.083	0.838
0.064	0.072	0.074	0.790
0.001	0.001	0.090	0.908
0.071	0.001	0.888	0.040
0.001	0.181	0.079	0.739
0.025	0.082	0.043	0.850
0.026	0.045	0.137	0.792
0.758	0.100	0.070	0.072
>TGTGTAAACA	2-TGTGTAAACA	7.781912	-28.920049	0	T:20.0(14.29%),B:789.0(1.65%),P:1e-12	Tpos:86.7,Tstd:50.9,Bpos:103.7,Bstd:71.2,StrandBias:0.7,Multiplicity:1.00
0.164	0.061	0.082	0.693
0.003	0.219	0.717	0.061
0.202	0.001	0.101	0.696
0.101	0.147	0.751	0.001
0.106	0.043	0.001	0.850
0.793	0.044	0.112	0.051
0.894	0.001	0.055	0.050
0.879	0.055	0.065	0.001
0.118	0.745	0.045	0.092
0.997	0.001	0.001	0.001
>GAGGGATTGG	3-GAGGGATTGG	8.881913	-25.516325	0	T:16.0(11.43%),B:541.8(1.13%),P:1e-11	Tpos:95.9,Tstd:60.9,Bpos:97.7,Bstd:63.2,StrandBias:2.0,Multiplicity:1.00
0.001	0.001	0.997	0.001
0.794	0.204	0.001	0.001
0.001	0.001	0.997	0.001
0.103	0.001	0.895	0.001
0.001	0.001	0.997	0.001
0.861	0.064	0.001	0.074
0.064	0.055	0.001	0.880
0.001	0.001	0.053	0.945
0.001	0.154	0.731	0.114
0.001	0.001	0.997	0.001
>CACATTCCTA	4-CACATTCCTA	6.885775	-25.088040	0	T:36.0(25.71%),B:3430.1(7.18%),P:1e-10	Tpos:110.2,Tstd:56.3,Bpos:101.0,Bstd:66.9,StrandBias:-1.1,Multiplicity:1.14
0.024	0.852	0.091	0.033
0.706	0.138	0.064	0.092
0.109	0.854	0.001	0.036
0.763	0.135	0.074	0.028
0.027	0.031	0.108	0.834
0.045	0.069	0.039	0.847
0.031	0.919	0.049	0.001
0.042	0.833	0.001	0.124
0.157	0.111	0.048	0.684
0.715	0.087	0.095	0.103
>CAGAGTCCAT	5-CAGAGTCCAT	9.961936	-23.223079	0	T:15.0(10.71%),B:536.6(1.12%),P:1e-10	Tpos:124.7,Tstd:53.9,Bpos:99.0,Bstd:64.8,StrandBias:0.8,Multiplicity:1.27
0.001	0.997	0.001	0.001
0.997	0.001	0.001	0.001
0.113	0.001	0.885	0.001
0.918	0.001	0.080	0.001
0.001	0.001	0.997	0.001
0.001	0.001	0.001	0.997
0.001	0.900	0.001	0.098
0.001	0.997	0.001	0.001
0.886	0.051	0.001	0.062
0.070	0.291	0.038	0.601
>AGGTGCTGAC	6-AGGTGCTGAC	9.394296	-21.893451	0	T:15.0(10.71%),B:591.3(1.24%),P:1e-9	Tpos:77.6,Tstd:51.3,Bpos:96.2,Bstd:74.1,StrandBias:-0.4,Multiplicity:1.07
0.791	0.001	0.207	0.001
0.111	0.001	0.887	0.001
0.001	0.001	0.997	0.001
0.001	0.001	0.065	0.933
0.001	0.090	0.908	0.001
0.001	0.997	0.001	0.001
0.090	0.001	0.163	0.746
0.001	0.082	0.916	0.001
0.902	0.053	0.044	0.001
0.001	0.997	0.001	0.001
>TGCATGCCAA	7-TGCATGCCAA	9.849746	-21.130318	0	T:10.0(7.14%),B:203.9(0.43%),P:1e-9	Tpos:112.2,Tstd:59.3,Bpos:97.7,Bstd:76.3,StrandBias:-1.4,Multiplicity:1.10
0.001	0.001	0.128	0.870
0.001	0.001	0.997	0.001
0.001	0.997	0.001	0.001
0.699	0.096	0.204	0.001
0.001	0.001	0.001	0.997
0.001	0.001	0.997	0.001
0.001	0.997	0.001	0.001
0.001	0.997	0.001	0.001
0.706	0.001	0.167	0.126
0.823	0.110	0.066	0.001
>GCCAGCAGGG	8-GCCAGCAGGG	9.712618	-20.388932	0	T:18.0(12.86%),B:1015.2(2.12%),P:1e-8	Tpos:81.9,Tstd:41.7,Bpos:99.0,Bstd:72.5,StrandBias:0.3,Multiplicity:1.06
0.111	0.001	0.613	0.275
0.001	0.924	0.019	0.056
0.001	0.997	0.001	0.001
0.898	0.077	0.001	0.024
0.001	0.046	0.952	0.001
0.001	0.966	0.032	0.001
0.909	0.063	0.001	0.027
0.061	0.001	0.803	0.135
0.037	0.001	0.961	0.001
0.001	0.001	0.997	0.001
>AMATGGTTTG	9-AMATGGTTTG	8.989318	-19.088791	0	T:8.0(5.71%),B:126.2(0.26%),P:1e-8	Tpos:75.2,Tstd:57.0,Bpos:97.0,Bstd:68.1,StrandBias:-1.6,Multiplicity:1.00
0.643	0.006	0.350	0.001
0.338	0.406	0.001	0.255
0.757	0.001	0.118	0.124
0.001	0.347	0.081	0.571
0.001	0.001	0.586	0.412
0.001	0.001	0.997	0.001
0.226	0.009	0.001	0.764
0.001	0.003	0.142	0.854
0.001	0.001	0.141	0.857
0.362	0.010	0.627	0.001
>GGCABKGSSC	10-GGCABKGSSC	6.553014	-16.724422	0	T:65.0(46.43%),B:12095.5(25.32%),P:1e-7	Tpos:105.7,Tstd:55.8,Bpos:99.0,Bstd:71.9,StrandBias:-0.1,Multiplicity:1.47
0.001	0.001	0.997	0.001
0.001	0.001	0.997	0.001
0.001	0.997	0.001	0.001
0.849	0.149	0.001	0.001
0.001	0.410	0.302	0.287
0.063	0.246	0.405	0.285
0.001	0.001	0.881	0.117
0.001	0.490	0.508	0.001
0.001	0.504	0.387	0.108
0.196	0.802	0.001	0.001
>AATTCCATCT	11-AATTCCATCT	7.515931	-13.775588	0	T:11.0(7.86%),B:564.9(1.18%),P:1e-5	Tpos:117.1,Tstd:44.9,Bpos:97.5,Bstd:65.9,StrandBias:1.3,Multiplicity:1.27
0.997	0.001	0.001	0.001
0.899	0.001	0.099	0.001
0.001	0.259	0.001	0.739
0.001	0.001	0.001	0.997
0.001	0.997	0.001	0.001
0.001	0.997	0.001	0.001
0.694	0.090	0.215	0.001
0.133	0.001	0.093	0.773
0.001	0.997	0.001	0.001
0.001	0.001	0.001	0.997
>ACCATATATG	12-ACCATATATG	8.614017	-13.069406	0	T:7.0(5.00%),B:195.1(0.41%),P:1e-5	Tpos:89.9,Tstd:31.3,Bpos:101.0,Bstd:66.2,StrandBias:0.7,Multiplicity:1.00
0.522	0.183	0.294	0.001
0.001	0.997	0.001	0.001
0.001	0.997	0.001	0.001
0.795	0.021	0.001	0.183
0.001	0.217	0.009	0.773
0.875	0.001	0.123	0.001
0.291	0.116	0.001	0.592
0.581	0.040	0.132	0.247
0.148	0.001	0.062	0.789
0.332	0.108	0.559	0.001
>TGGGAGACGT	13-TGGGAGACGT	10.296193	-4.230526	0	T:1.0(0.71%),B:5.8(0.01%),P:1e-1	Tpos:104.0,Tstd:62.2,Bpos:109.3,Bstd:52.7,StrandBias:10.0,Multiplicity:5.00
0.100	0.100	0.100	0.700
0.100	0.100	0.700	0.100
0.100	0.100	0.700	0.100
0.100	0.100	0.700	0.100
0.700	0.100	0.100	0.100
0.100	0.100	0.700	0.100
0.700	0.100	0.100	0.100
0.100	0.700	0.100	0.100
0.100	0.100	0.700	0.100
0.100	0.100	0.100	0.700
>CCTACTGACT	14-CCTACTGACT	10.296193	-3.450763	0	T:1.0(0.71%),B:11.8(0.02%),P:1e-1	Tpos:84.0,Tstd:52.1,Bpos:81.3,Bstd:50.3,StrandBias:10.0,Multiplicity:6.00
0.100	0.700	0.100	0.100
0.100	0.700	0.100	0.100
0.100	0.100	0.100	0.700
0.700	0.100	0.100	0.100
0.100	0.700	0.100	0.100
0.100	0.100	0.100	0.700
0.100	0.100	0.700	0.100
0.700	0.100	0.100	0.100
0.100	0.700	0.100	0.100
0.100	0.100	0.100	0.700
