>AAATTCCAATGA	5-AAATTCCAATGA,BestGuess:TEAD3(TEA)/HepG2-TEAD3-ChIP-Seq(Encode)/Homer(0.731)	8.491942	-22.348380	0	T:13.0(7.10%),B:293.2(0.62%),P:1e-9
0.680	0.126	0.068	0.126
0.810	0.126	0.063	0.001
0.617	0.189	0.068	0.126
0.063	0.001	0.063	0.873
0.063	0.043	0.068	0.826
0.001	0.873	0.001	0.125
0.063	0.810	0.001	0.126
0.811	0.063	0.063	0.063
0.516	0.189	0.232	0.063
0.189	0.001	0.111	0.699
0.063	0.063	0.873	0.001
0.622	0.189	0.126	0.063
