>AKTTGGGCACCT	13-AGGTGCCCAAMT	11.730787	-11.909514	0	T:3.0(1.64%),B:9.7(0.02%),P:1e-5
0.514	0.236	0.101	0.149
0.001	0.061	0.402	0.536
0.076	0.174	0.236	0.514
0.087	0.001	0.087	0.825
0.090	0.087	0.649	0.174
0.075	0.087	0.837	0.001
0.001	0.087	0.825	0.087
0.087	0.825	0.001	0.087
0.836	0.162	0.001	0.001
0.350	0.648	0.001	0.001
0.001	0.737	0.001	0.261
0.002	0.001	0.061	0.936
