>TCATTGGAATTT	5-AAATTCCAATGA	8.491942	-22.348380	0	T:13.0(7.10%),B:293.2(0.62%),P:1e-9
0.063	0.126	0.189	0.622
0.001	0.873	0.063	0.063
0.699	0.111	0.001	0.189
0.063	0.232	0.189	0.516
0.063	0.063	0.063	0.811
0.126	0.001	0.810	0.063
0.125	0.001	0.873	0.001
0.826	0.068	0.043	0.063
0.873	0.063	0.001	0.063
0.126	0.068	0.189	0.617
0.001	0.063	0.126	0.810
0.126	0.068	0.126	0.680
