>WSAGMAMACARA	2-WSAGMAMACARA	6.887222	-30.274103	0	T:50.0(27.32%),B:4016.9(8.48%),P:1e-13
0.373	0.186	0.088	0.352
0.150	0.314	0.385	0.151
0.788	0.001	0.001	0.210
0.001	0.174	0.783	0.042
0.337	0.391	0.068	0.205
0.697	0.091	0.211	0.001
0.460	0.359	0.159	0.023
0.804	0.194	0.001	0.001
0.104	0.720	0.175	0.001
0.909	0.068	0.001	0.022
0.408	0.148	0.307	0.137
0.463	0.279	0.086	0.173
