>AGGTGCCCAAMT	13-AGGTGCCCAAMT,BestGuess:PB0133.1_Hic1_2/Jaspar(0.742)	11.730787	-11.909514	0	T:3.0(1.64%),B:9.7(0.02%),P:1e-5
0.936	0.061	0.001	0.002
0.261	0.001	0.737	0.001
0.001	0.001	0.648	0.350
0.001	0.001	0.162	0.836
0.087	0.001	0.825	0.087
0.087	0.825	0.087	0.001
0.001	0.837	0.087	0.075
0.174	0.649	0.087	0.090
0.825	0.087	0.001	0.087
0.514	0.236	0.174	0.076
0.536	0.402	0.061	0.001
0.149	0.101	0.236	0.514
