>TGCCCAAACAAT	7-TGCCCAAACAAT,BestGuess:PB0133.1_Hic1_2/Jaspar(0.772)	7.806656	-18.157405	0	T:19.0(13.57%),B:1317.9(2.76%),P:1e-7
0.219	0.001	0.001	0.779
0.072	0.072	0.855	0.001
0.001	0.927	0.071	0.001
0.072	0.855	0.001	0.072
0.125	0.730	0.144	0.001
0.806	0.130	0.063	0.001
0.718	0.072	0.080	0.130
0.693	0.055	0.108	0.144
0.001	0.783	0.001	0.215
0.557	0.226	0.001	0.216
0.609	0.135	0.198	0.058
0.058	0.050	0.196	0.696
