>ATTGTTTGGGCA	7-TGCCCAAACAAT	7.806656	-18.157405	0	T:19.0(13.57%),B:1317.9(2.76%),P:1e-7
0.696	0.196	0.050	0.058
0.058	0.198	0.135	0.609
0.216	0.001	0.226	0.557
0.215	0.001	0.783	0.001
0.144	0.108	0.055	0.693
0.130	0.080	0.072	0.718
0.001	0.063	0.130	0.806
0.001	0.144	0.730	0.125
0.072	0.001	0.855	0.072
0.001	0.071	0.927	0.001
0.001	0.855	0.072	0.072
0.779	0.001	0.001	0.219
