>AGGGMCTGGCAG	5-AGGGMCTGGCAG	9.926104	-20.191696	0	T:18.0(12.86%),B:1028.6(2.15%),P:1e-8
0.493	0.179	0.133	0.195
0.048	0.133	0.818	0.001
0.001	0.132	0.866	0.001
0.001	0.132	0.866	0.001
0.418	0.449	0.001	0.133
0.270	0.444	0.001	0.285
0.062	0.001	0.156	0.781
0.001	0.015	0.983	0.001
0.001	0.001	0.866	0.132
0.133	0.752	0.114	0.001
0.902	0.052	0.001	0.045
0.133	0.052	0.799	0.016
