>WGAATGACTCAB	1-WGAATGACTCAB	5.165688	-97.578233	0	T:158.0(64.23%),B:11075.0(23.00%),P:1e-42	Tpos:98.6,Tstd:55.2,Bpos:101.7,Bstd:65.7,StrandBias:-0.2,Multiplicity:1.46
0.325	0.157	0.184	0.334
0.204	0.185	0.455	0.157
0.645	0.109	0.136	0.110
0.557	0.170	0.157	0.116
0.116	0.054	0.082	0.748
0.075	0.136	0.666	0.123
0.707	0.109	0.068	0.116
0.095	0.574	0.202	0.129
0.089	0.127	0.082	0.702
0.185	0.604	0.116	0.095
0.729	0.148	0.075	0.048
0.157	0.338	0.226	0.279
>GAMTCATCATCB	2-GAMTCATCATCB	8.250740	-51.082980	0	T:37.0(15.04%),B:860.1(1.79%),P:1e-22	Tpos:83.9,Tstd:47.7,Bpos:103.1,Bstd:67.7,StrandBias:0.0,Multiplicity:1.19
0.001	0.052	0.944	0.003
0.997	0.001	0.001	0.001
0.454	0.345	0.149	0.052
0.045	0.104	0.001	0.850
0.104	0.843	0.052	0.001
0.894	0.001	0.052	0.053
0.001	0.091	0.182	0.726
0.001	0.800	0.198	0.001
0.645	0.302	0.001	0.052
0.198	0.094	0.094	0.614
0.054	0.442	0.264	0.240
0.133	0.256	0.308	0.303
>ATGTGACTCAGA	3-ATGTGACTCAGA	8.463612	-32.457327	0	T:32.0(13.01%),B:1131.7(2.35%),P:1e-14	Tpos:107.0,Tstd:52.9,Bpos:99.8,Bstd:67.5,StrandBias:-0.4,Multiplicity:1.22
0.700	0.100	0.100	0.100
0.100	0.100	0.100	0.700
0.100	0.100	0.700	0.100
0.100	0.100	0.100	0.700
0.100	0.100	0.700	0.100
0.700	0.100	0.100	0.100
0.100	0.700	0.100	0.100
0.100	0.100	0.100	0.700
0.100	0.700	0.100	0.100
0.700	0.100	0.100	0.100
0.100	0.100	0.700	0.100
0.700	0.100	0.100	0.100
>TCRWATGGAATC	4-TCRWATGGAATC	14.489061	-31.217117	0	T:5.0(2.03%),B:0.0(0.00%),P:1e-13	Tpos:73.3,Tstd:62.5,Bpos:0.0,Bstd:0.0,StrandBias:2.6,Multiplicity:1.40
0.001	0.001	0.001	0.997
0.001	0.997	0.001	0.001
0.497	0.001	0.501	0.001
0.504	0.001	0.001	0.494
0.815	0.001	0.183	0.001
0.001	0.157	0.001	0.841
0.001	0.001	0.997	0.001
0.001	0.001	0.841	0.157
0.997	0.001	0.001	0.001
0.841	0.157	0.001	0.001
0.001	0.001	0.001	0.997
0.001	0.997	0.001	0.001
>ATAAACACTCCC	5-ATAAACACTCCC	10.676725	-27.286003	0	T:11.0(4.47%),B:85.1(0.18%),P:1e-11	Tpos:100.2,Tstd:51.4,Bpos:106.6,Bstd:54.7,StrandBias:0.3,Multiplicity:1.10
0.874	0.001	0.124	0.001
0.001	0.124	0.001	0.874
0.748	0.001	0.250	0.001
0.874	0.001	0.124	0.001
0.874	0.001	0.001	0.124
0.125	0.749	0.125	0.001
0.874	0.001	0.001	0.124
0.125	0.749	0.001	0.125
0.001	0.001	0.001	0.997
0.001	0.650	0.224	0.125
0.001	0.874	0.001	0.124
0.098	0.900	0.001	0.001
>AAGAAATGCGGC	6-AAGAAATGCGGC	14.640156	-24.314224	0	T:4.0(1.63%),B:1.5(0.00%),P:1e-10	Tpos:124.5,Tstd:20.0,Bpos:83.0,Bstd:0.0,StrandBias:-1.6,Multiplicity:1.00
0.997	0.001	0.001	0.001
0.997	0.001	0.001	0.001
0.001	0.001	0.997	0.001
0.997	0.001	0.001	0.001
0.749	0.249	0.001	0.001
0.997	0.001	0.001	0.001
0.001	0.001	0.001	0.997
0.001	0.001	0.997	0.001
0.001	0.749	0.001	0.249
0.001	0.001	0.997	0.001
0.001	0.001	0.749	0.249
0.001	0.997	0.001	0.001
>AGGCCCACACTG	7-AGGCCCACACTG	11.518124	-22.974906	0	T:11.0(4.47%),B:128.7(0.27%),P:1e-9	Tpos:129.5,Tstd:50.0,Bpos:99.0,Bstd:71.3,StrandBias:0.0,Multiplicity:1.09
0.869	0.001	0.129	0.001
0.001	0.001	0.997	0.001
0.263	0.095	0.641	0.001
0.001	0.741	0.129	0.129
0.020	0.978	0.001	0.001
0.001	0.869	0.129	0.001
0.896	0.001	0.001	0.102
0.001	0.997	0.001	0.001
0.621	0.377	0.001	0.001
0.258	0.740	0.001	0.001
0.412	0.001	0.001	0.586
0.001	0.001	0.997	0.001
>ATACACAGCAGT	8-ATACACAGCAGT	14.640156	-22.279164	0	T:5.0(2.03%),B:6.5(0.01%),P:1e-9	Tpos:82.8,Tstd:53.0,Bpos:87.8,Bstd:53.9,StrandBias:-0.6,Multiplicity:1.00
0.997	0.001	0.001	0.001
0.249	0.001	0.001	0.749
0.997	0.001	0.001	0.001
0.249	0.749	0.001	0.001
0.997	0.001	0.001	0.001
0.001	0.997	0.001	0.001
0.997	0.001	0.001	0.001
0.001	0.001	0.997	0.001
0.001	0.997	0.001	0.001
0.997	0.001	0.001	0.001
0.001	0.001	0.997	0.001
0.001	0.001	0.249	0.749
>ATCGAATGGAAT	9-ATCGAATGGAAT	12.841482	-21.512578	0	T:5.0(2.03%),B:7.6(0.02%),P:1e-9	Tpos:135.2,Tstd:53.6,Bpos:139.3,Bstd:37.5,StrandBias:2.2,Multiplicity:2.20
0.823	0.119	0.001	0.057
0.028	0.001	0.028	0.943
0.029	0.632	0.198	0.141
0.225	0.086	0.660	0.029
0.918	0.001	0.028	0.053
0.941	0.029	0.029	0.001
0.057	0.057	0.001	0.885
0.115	0.058	0.741	0.086
0.077	0.058	0.807	0.058
0.997	0.001	0.001	0.001
0.769	0.173	0.029	0.029
0.053	0.001	0.057	0.889
>AAGRTGTGTTTT	10-AAGRTGTGTTTT	10.102531	-19.521413	0	T:13.0(5.28%),B:279.6(0.58%),P:1e-8	Tpos:115.1,Tstd:53.3,Bpos:105.3,Bstd:56.6,StrandBias:-0.2,Multiplicity:1.00
0.800	0.001	0.198	0.001
0.614	0.193	0.001	0.192
0.001	0.001	0.997	0.001
0.386	0.192	0.421	0.001
0.192	0.001	0.006	0.801
0.001	0.228	0.770	0.001
0.221	0.001	0.001	0.777
0.001	0.001	0.806	0.192
0.001	0.192	0.001	0.806
0.001	0.001	0.192	0.806
0.001	0.001	0.001	0.997
0.001	0.001	0.199	0.799
>AAGCCACTGGCT	11-AAGCCACTGGCT	10.412948	-18.624242	0	T:9.0(3.66%),B:110.1(0.23%),P:1e-8	Tpos:115.7,Tstd:40.1,Bpos:107.4,Bstd:55.0,StrandBias:0.0,Multiplicity:1.00
0.829	0.163	0.003	0.005
0.918	0.001	0.080	0.001
0.122	0.001	0.876	0.001
0.121	0.803	0.075	0.001
0.003	0.605	0.002	0.390
0.722	0.001	0.273	0.004
0.001	0.573	0.308	0.118
0.081	0.004	0.075	0.840
0.119	0.003	0.758	0.120
0.001	0.067	0.808	0.124
0.001	0.802	0.094	0.103
0.181	0.001	0.103	0.715
>CTGGGCCCTTGC	12-CTGGGCCCTTGC	11.618404	-17.677293	0	T:8.0(3.25%),B:86.8(0.18%),P:1e-7	Tpos:68.4,Tstd:50.0,Bpos:92.5,Bstd:57.5,StrandBias:1.6,Multiplicity:1.00
0.203	0.593	0.203	0.001
0.001	0.001	0.001	0.997
0.001	0.202	0.796	0.001
0.001	0.351	0.647	0.001
0.001	0.202	0.796	0.001
0.001	0.997	0.001	0.001
0.001	0.796	0.202	0.001
0.001	0.997	0.001	0.001
0.001	0.149	0.001	0.849
0.001	0.001	0.001	0.997
0.001	0.202	0.796	0.001
0.001	0.796	0.001	0.202
>TCTTACAAGCCG	13-TCTTACAAGCCG	14.640156	-17.638513	0	T:3.0(1.22%),B:1.4(0.00%),P:1e-7	Tpos:112.8,Tstd:48.7,Bpos:168.0,Bstd:0.0,StrandBias:2.0,Multiplicity:1.67
0.001	0.001	0.001	0.997
0.001	0.997	0.001	0.001
0.001	0.001	0.001	0.997
0.001	0.001	0.001	0.997
0.997	0.001	0.001	0.001
0.001	0.749	0.001	0.249
0.997	0.001	0.001	0.001
0.749	0.001	0.001	0.249
0.001	0.001	0.997	0.001
0.001	0.997	0.001	0.001
0.001	0.997	0.001	0.001
0.249	0.001	0.749	0.001
>AGRKCMAGTCCM	14-AGRKCMAGTCCM	7.778883	-16.946898	0	T:36.0(14.63%),B:2561.0(5.32%),P:1e-7	Tpos:96.0,Tstd:51.3,Bpos:99.9,Bstd:59.0,StrandBias:0.7,Multiplicity:1.14
0.781	0.001	0.217	0.001
0.001	0.001	0.997	0.001
0.493	0.001	0.505	0.001
0.001	0.090	0.383	0.526
0.001	0.907	0.091	0.001
0.496	0.502	0.001	0.001
0.781	0.108	0.003	0.108
0.001	0.380	0.618	0.001
0.107	0.193	0.001	0.699
0.003	0.610	0.280	0.107
0.103	0.895	0.001	0.001
0.484	0.412	0.001	0.104
>NTATTTCTGTGN	15-NTATTTCTGTGN	9.652955	-16.554690	0	T:4.0(1.63%),B:7.6(0.02%),P:1e-7	Tpos:80.8,Tstd:65.9,Bpos:99.3,Bstd:59.4,StrandBias:1.6,Multiplicity:1.00
0.236	0.310	0.198	0.256
0.149	0.159	0.120	0.572
0.530	0.168	0.153	0.149
0.101	0.106	0.140	0.653
0.087	0.141	0.133	0.639
0.106	0.140	0.115	0.639
0.086	0.695	0.103	0.116
0.116	0.074	0.034	0.776
0.103	0.141	0.592	0.164
0.135	0.062	0.114	0.689
0.108	0.122	0.639	0.131
0.265	0.240	0.177	0.319
>CTATRGTGAACT	16-CTATRGTGAACT	11.100519	-15.279631	0	T:6.0(2.44%),B:48.2(0.10%),P:1e-6	Tpos:101.6,Tstd:49.8,Bpos:90.8,Bstd:47.1,StrandBias:-2.0,Multiplicity:2.00
0.214	0.524	0.261	0.001
0.001	0.001	0.001	0.997
0.770	0.001	0.228	0.001
0.001	0.001	0.001	0.997
0.492	0.001	0.506	0.001
0.001	0.001	0.997	0.001
0.259	0.001	0.001	0.739
0.001	0.001	0.997	0.001
0.997	0.001	0.001	0.001
0.737	0.261	0.001	0.001
0.001	0.997	0.001	0.001
0.245	0.001	0.001	0.753
>SGCGCGCCGGCC	17-SGCGCGCCGGCC	10.702453	-14.897918	0	T:7.0(2.85%),B:84.1(0.17%),P:1e-6	Tpos:113.1,Tstd:55.8,Bpos:89.8,Bstd:39.7,StrandBias:1.2,Multiplicity:1.14
0.001	0.501	0.497	0.001
0.001	0.001	0.997	0.001
0.201	0.797	0.001	0.001
0.001	0.001	0.997	0.001
0.001	0.800	0.198	0.001
0.250	0.001	0.748	0.001
0.004	0.543	0.202	0.251
0.251	0.457	0.251	0.040
0.001	0.199	0.797	0.003
0.001	0.001	0.997	0.001
0.251	0.450	0.001	0.298
0.001	0.748	0.250	0.001
>CGTGGTGTGGCG	18-CGTGGTGTGGCG	9.213068	-13.722211	0	T:9.0(3.66%),B:198.4(0.41%),P:1e-5	Tpos:94.5,Tstd:51.3,Bpos:101.9,Bstd:59.5,StrandBias:0.3,Multiplicity:1.11
0.062	0.717	0.118	0.103
0.059	0.118	0.646	0.177
0.339	0.008	0.003	0.650
0.003	0.304	0.516	0.177
0.059	0.061	0.879	0.001
0.001	0.001	0.058	0.940
0.002	0.121	0.876	0.001
0.118	0.003	0.059	0.820
0.059	0.002	0.938	0.001
0.118	0.059	0.764	0.059
0.177	0.484	0.118	0.221
0.118	0.121	0.643	0.118
>CCATTCGATGAT	19-CCATTCGATGAT	9.862638	-11.209327	0	T:7.0(2.85%),B:148.9(0.31%),P:1e-4	Tpos:93.9,Tstd:50.9,Bpos:98.1,Bstd:61.7,StrandBias:-1.2,Multiplicity:1.67
0.001	0.632	0.001	0.366
0.001	0.997	0.001	0.001
0.863	0.124	0.002	0.011
0.001	0.001	0.001	0.997
0.001	0.001	0.001	0.997
0.001	0.643	0.001	0.355
0.135	0.001	0.740	0.124
0.751	0.001	0.124	0.124
0.001	0.123	0.001	0.875
0.001	0.124	0.751	0.124
0.750	0.248	0.001	0.001
0.123	0.001	0.001	0.875
>CACAGCTGGAGC	20-CACAGCTGGAGC	12.355432	-10.482618	0	T:3.0(1.22%),B:11.7(0.02%),P:1e-4	Tpos:67.4,Tstd:39.4,Bpos:126.8,Bstd:59.3,StrandBias:-2.0,Multiplicity:1.67
0.100	0.700	0.100	0.100
0.700	0.100	0.100	0.100
0.100	0.700	0.100	0.100
0.700	0.100	0.100	0.100
0.100	0.100	0.700	0.100
0.100	0.700	0.100	0.100
0.100	0.100	0.100	0.700
0.100	0.100	0.700	0.100
0.100	0.100	0.700	0.100
0.700	0.100	0.100	0.100
0.100	0.100	0.700	0.100
0.100	0.700	0.100	0.100
>GAGCCTGGCWGA	21-GAGCCTGGCWGA	11.508287	-10.273998	0	T:6.0(2.44%),B:116.5(0.24%),P:1e-4	Tpos:84.7,Tstd:48.4,Bpos:97.9,Bstd:59.7,StrandBias:0.0,Multiplicity:1.67
0.001	0.336	0.662	0.001
0.713	0.001	0.285	0.001
0.001	0.105	0.893	0.001
0.005	0.920	0.074	0.001
0.163	0.835	0.001	0.001
0.001	0.001	0.209	0.789
0.001	0.001	0.997	0.001
0.001	0.381	0.617	0.001
0.001	0.997	0.001	0.001
0.450	0.001	0.083	0.466
0.001	0.143	0.855	0.001
0.732	0.106	0.084	0.078
>TAGTCATAGGGT	22-TAGTCATAGGGT	15.456778	-9.871501	0	T:2.0(0.81%),B:2.6(0.01%),P:1e-4	Tpos:89.2,Tstd:53.4,Bpos:59.9,Bstd:41.3,StrandBias:10.0,Multiplicity:2.00
0.001	0.001	0.001	0.997
0.997	0.001	0.001	0.001
0.001	0.001	0.997	0.001
0.001	0.001	0.001	0.997
0.001	0.997	0.001	0.001
0.997	0.001	0.001	0.001
0.318	0.001	0.001	0.680
0.997	0.001	0.001	0.001
0.001	0.001	0.997	0.001
0.001	0.001	0.997	0.001
0.001	0.001	0.997	0.001
0.001	0.001	0.001	0.997
>TTCTATTCCTGC	23-TTCTATTCCTGC	15.128448	-9.063945	0	T:2.0(0.81%),B:3.2(0.01%),P:1e-3	Tpos:117.8,Tstd:52.5,Bpos:92.4,Bstd:54.8,StrandBias:10.0,Multiplicity:2.50
0.001	0.001	0.001	0.997
0.001	0.001	0.001	0.997
0.001	0.997	0.001	0.001
0.001	0.001	0.001	0.997
0.997	0.001	0.001	0.001
0.001	0.001	0.001	0.997
0.001	0.001	0.001	0.997
0.001	0.997	0.001	0.001
0.001	0.997	0.001	0.001
0.229	0.001	0.001	0.769
0.001	0.001	0.997	0.001
0.001	0.997	0.001	0.001
>GCGCGCGCGCCC	24-GCGCGCGCGCCC	13.543269	-6.164938	0	T:2.0(0.81%),B:13.4(0.03%),P:1e-2	Tpos:83.5,Tstd:12.5,Bpos:89.0,Bstd:37.4,StrandBias:10.0,Multiplicity:1.00
0.089	0.001	0.909	0.001
0.001	0.997	0.001	0.001
0.001	0.273	0.604	0.122
0.001	0.819	0.179	0.001
0.001	0.323	0.675	0.001
0.001	0.997	0.001	0.001
0.001	0.088	0.805	0.106
0.001	0.997	0.001	0.001
0.001	0.154	0.844	0.001
0.001	0.876	0.001	0.122
0.245	0.583	0.171	0.001
0.001	0.909	0.089	0.001
>CCTGCCCACACC	25-CCTGCCCACACC	12.355432	-3.900775	0	T:1.0(0.41%),B:5.0(0.01%),P:1e-1	Tpos:97.7,Tstd:62.9,Bpos:115.0,Bstd:48.0,StrandBias:10.0,Multiplicity:6.00
0.100	0.700	0.100	0.100
0.100	0.700	0.100	0.100
0.100	0.100	0.100	0.700
0.100	0.100	0.700	0.100
0.100	0.700	0.100	0.100
0.100	0.700	0.100	0.100
0.100	0.700	0.100	0.100
0.700	0.100	0.100	0.100
0.100	0.700	0.100	0.100
0.700	0.100	0.100	0.100
0.100	0.700	0.100	0.100
0.100	0.700	0.100	0.100
