>ATGAGTCA	1-ATGAGTCA	7.993379	-163.629828	0	T:108.0(43.90%),B:2437.8(5.06%),P:1e-71	Tpos:101.3,Tstd:56.1,Bpos:102.9,Bstd:68.0,StrandBias:0.0,Multiplicity:1.20
0.681	0.211	0.107	0.001
0.001	0.001	0.001	0.997
0.001	0.001	0.956	0.042
0.997	0.001	0.001	0.001
0.129	0.084	0.669	0.118
0.001	0.001	0.001	0.997
0.105	0.893	0.001	0.001
0.997	0.001	0.001	0.001
>RTGATTCV	2-RTGATTCV	8.234160	-45.469476	0	T:34.0(13.82%),B:829.4(1.72%),P:1e-19	Tpos:110.8,Tstd:66.2,Bpos:100.2,Bstd:64.2,StrandBias:-0.4,Multiplicity:1.50
0.462	0.001	0.346	0.190
0.001	0.083	0.171	0.745
0.001	0.001	0.997	0.001
0.828	0.001	0.170	0.001
0.001	0.001	0.104	0.894
0.001	0.122	0.001	0.876
0.001	0.997	0.001	0.001
0.346	0.317	0.335	0.001
>STTAGTCA	3-STTAGTCA	7.184217	-38.497658	0	T:37.0(15.04%),B:1267.6(2.63%),P:1e-16	Tpos:106.9,Tstd:48.5,Bpos:105.0,Bstd:66.3,StrandBias:0.2,Multiplicity:1.11
0.217	0.322	0.416	0.046
0.001	0.072	0.001	0.926
0.028	0.001	0.001	0.970
0.951	0.001	0.047	0.001
0.001	0.063	0.878	0.058
0.001	0.001	0.001	0.997
0.001	0.997	0.001	0.001
0.982	0.001	0.001	0.016
>AAAGGTCA	4-AAAGGTCA	7.375561	-34.868229	0	T:51.0(20.73%),B:2720.9(5.65%),P:1e-15	Tpos:94.2,Tstd:58.5,Bpos:100.2,Bstd:62.4,StrandBias:0.3,Multiplicity:1.04
0.929	0.069	0.001	0.001
0.924	0.001	0.001	0.074
0.997	0.001	0.001	0.001
0.001	0.001	0.779	0.219
0.001	0.001	0.997	0.001
0.001	0.001	0.079	0.919
0.001	0.997	0.001	0.001
0.865	0.040	0.043	0.052
>TATTTRCT	5-TATTTRCT	7.275997	-27.798753	0	T:51.0(20.73%),B:3269.3(6.79%),P:1e-12	Tpos:101.7,Tstd:52.0,Bpos:100.6,Bstd:59.1,StrandBias:0.6,Multiplicity:1.29
0.109	0.001	0.001	0.889
0.600	0.001	0.398	0.001
0.108	0.109	0.001	0.782
0.101	0.001	0.001	0.897
0.001	0.001	0.120	0.878
0.457	0.001	0.541	0.001
0.001	0.660	0.001	0.338
0.059	0.001	0.188	0.752
>RATGACGN	6-RATGACGN	4.506260	-14.622603	0	T:21.0(8.54%),B:1122.1(2.33%),P:1e-6	Tpos:113.6,Tstd:50.9,Bpos:101.9,Bstd:64.1,StrandBias:0.3,Multiplicity:1.05
0.390	0.161	0.274	0.175
0.384	0.211	0.183	0.222
0.382	0.001	0.061	0.556
0.001	0.245	0.624	0.130
0.521	0.138	0.001	0.340
0.225	0.577	0.197	0.001
0.325	0.073	0.494	0.108
0.189	0.326	0.218	0.267
>ATCGRATG	7-ATCGRATG	6.246740	-14.326012	0	T:28.0(11.38%),B:1894.4(3.93%),P:1e-6	Tpos:93.3,Tstd:54.1,Bpos:100.6,Bstd:64.3,StrandBias:0.2,Multiplicity:1.20
0.607	0.312	0.001	0.080
0.001	0.003	0.279	0.717
0.028	0.697	0.117	0.158
0.285	0.066	0.517	0.132
0.472	0.031	0.464	0.032
0.681	0.164	0.088	0.067
0.095	0.007	0.093	0.805
0.001	0.187	0.697	0.115
>CATTCGAT	8-CATTCGAT	10.361585	-13.722688	0	T:5.0(2.03%),B:34.6(0.07%),P:1e-5	Tpos:106.0,Tstd:57.0,Bpos:113.2,Bstd:48.9,StrandBias:-2.3,Multiplicity:1.20
0.001	0.997	0.001	0.001
0.809	0.001	0.151	0.039
0.001	0.036	0.001	0.962
0.001	0.001	0.001	0.997
0.001	0.748	0.001	0.250
0.073	0.001	0.864	0.062
0.997	0.001	0.001	0.001
0.001	0.001	0.030	0.968
>CTCGCCCT	9-CTCGCCCT	6.866811	-13.129682	0	T:35.0(14.23%),B:2880.3(5.98%),P:1e-5	Tpos:100.1,Tstd:56.4,Bpos:101.4,Bstd:59.6,StrandBias:1.2,Multiplicity:1.24
0.001	0.659	0.137	0.203
0.199	0.001	0.001	0.799
0.107	0.839	0.001	0.053
0.008	0.001	0.943	0.048
0.001	0.977	0.021	0.001
0.001	0.974	0.024	0.001
0.153	0.845	0.001	0.001
0.001	0.001	0.139	0.859
>CCATTCGR	10-CCATTCGR	8.946342	-11.749524	0	T:7.0(2.85%),B:137.0(0.28%),P:1e-5	Tpos:79.3,Tstd:55.6,Bpos:98.3,Bstd:55.3,StrandBias:-2.0,Multiplicity:1.43
0.001	0.997	0.001	0.001
0.001	0.997	0.001	0.001
0.603	0.001	0.395	0.001
0.001	0.001	0.296	0.702
0.001	0.001	0.001	0.997
0.001	0.997	0.001	0.001
0.001	0.001	0.997	0.001
0.429	0.001	0.569	0.001
>AATSGAAT	11-AATSGAAT	9.987889	-6.865127	0	T:3.0(1.22%),B:38.7(0.08%),P:1e-2	Tpos:107.6,Tstd:47.5,Bpos:91.7,Bstd:54.1,StrandBias:10.0,Multiplicity:1.67
0.816	0.160	0.023	0.001
0.928	0.048	0.001	0.023
0.001	0.001	0.016	0.982
0.073	0.503	0.386	0.038
0.025	0.001	0.973	0.001
0.950	0.001	0.024	0.025
0.979	0.001	0.019	0.001
0.001	0.001	0.017	0.981
>TCTGCCCG	12-TCTGCCCG	8.438233	-6.619343	0	T:7.0(2.85%),B:316.8(0.66%),P:1e-2	Tpos:95.6,Tstd:52.9,Bpos:104.0,Bstd:57.5,StrandBias:0.3,Multiplicity:1.29
0.001	0.001	0.001	0.997
0.001	0.997	0.001	0.001
0.001	0.001	0.001	0.997
0.001	0.001	0.997	0.001
0.001	0.997	0.001	0.001
0.001	0.997	0.001	0.001
0.001	0.926	0.072	0.001
0.001	0.001	0.997	0.001
>GGTCGGGC	13-GGTCGGGC	5.818506	-6.535626	0	T:71.0(28.86%),B:9961.7(20.69%),P:1e-2	Tpos:107.4,Tstd:56.9,Bpos:98.8,Bstd:56.4,StrandBias:-0.1,Multiplicity:1.77
0.127	0.001	0.854	0.018
0.001	0.111	0.887	0.001
0.095	0.106	0.218	0.581
0.002	0.548	0.289	0.161
0.168	0.033	0.797	0.002
0.019	0.093	0.823	0.065
0.001	0.114	0.825	0.060
0.015	0.705	0.232	0.048
