>TSTGACTCAK	1-TSTGACTCAK	6.000994	-175.369518	0	T:127.0(51.63%),B:3473.7(7.21%),P:1e-76	Tpos:100.8,Tstd:54.4,Bpos:101.9,Bstd:66.6,StrandBias:0.1,Multiplicity:1.33
0.086	0.205	0.134	0.575
0.223	0.346	0.414	0.017
0.001	0.001	0.001	0.997
0.001	0.001	0.900	0.098
0.997	0.001	0.001	0.001
0.060	0.602	0.246	0.092
0.001	0.001	0.001	0.997
0.048	0.950	0.001	0.001
0.997	0.001	0.001	0.001
0.036	0.150	0.364	0.451
>TGACCTTTTA	2-TGACCTTTTA	7.504049	-42.490810	0	T:47.0(19.11%),B:1902.0(3.95%),P:1e-18	Tpos:107.5,Tstd:58.3,Bpos:101.6,Bstd:62.9,StrandBias:-0.1,Multiplicity:1.05
0.022	0.038	0.052	0.888
0.131	0.040	0.828	0.001
0.769	0.108	0.086	0.037
0.037	0.906	0.016	0.041
0.113	0.827	0.001	0.059
0.052	0.027	0.019	0.902
0.103	0.074	0.001	0.822
0.084	0.104	0.036	0.776
0.130	0.087	0.164	0.619
0.670	0.133	0.126	0.071
>TGTTTGTTYT	3-TGTTTGTTYT	8.651627	-30.000632	0	T:34.0(13.82%),B:1407.7(2.92%),P:1e-13	Tpos:112.1,Tstd:54.3,Bpos:104.1,Bstd:59.1,StrandBias:0.4,Multiplicity:1.03
0.001	0.001	0.001	0.997
0.001	0.001	0.997	0.001
0.001	0.313	0.001	0.685
0.001	0.001	0.001	0.997
0.001	0.001	0.001	0.997
0.334	0.001	0.664	0.001
0.001	0.197	0.001	0.801
0.001	0.001	0.001	0.997
0.001	0.451	0.198	0.351
0.350	0.001	0.001	0.648
>CCAGTGGCTA	4-CCAGTGGCTA	10.280027	-24.473664	0	T:15.0(6.10%),B:275.9(0.57%),P:1e-10	Tpos:91.5,Tstd:56.0,Bpos:103.0,Bstd:59.5,StrandBias:-0.7,Multiplicity:1.00
0.001	0.997	0.001	0.001
0.001	0.997	0.001	0.001
0.857	0.141	0.001	0.001
0.001	0.001	0.997	0.001
0.001	0.001	0.001	0.997
0.118	0.001	0.757	0.124
0.085	0.108	0.806	0.001
0.001	0.997	0.001	0.001
0.071	0.001	0.001	0.927
0.760	0.059	0.061	0.120
>ATCGAATGGA	5-ATCGAATGGA	13.029349	-18.781103	0	T:4.0(1.63%),B:4.2(0.01%),P:1e-8	Tpos:140.8,Tstd:45.8,Bpos:103.6,Bstd:85.8,StrandBias:10.0,Multiplicity:1.50
0.871	0.035	0.047	0.047
0.001	0.001	0.001	0.997
0.022	0.878	0.017	0.083
0.110	0.001	0.888	0.001
0.905	0.001	0.047	0.047
0.905	0.047	0.047	0.001
0.047	0.047	0.001	0.905
0.001	0.001	0.997	0.001
0.035	0.047	0.871	0.047
0.997	0.001	0.001	0.001
>TCATCGAATG	6-TCATCGAATG	11.317478	-18.428412	0	T:6.0(2.44%),B:28.8(0.06%),P:1e-8	Tpos:86.7,Tstd:64.8,Bpos:111.4,Bstd:68.5,StrandBias:2.3,Multiplicity:1.20
0.001	0.001	0.113	0.885
0.001	0.997	0.001	0.001
0.997	0.001	0.001	0.001
0.001	0.001	0.001	0.997
0.001	0.847	0.046	0.106
0.174	0.001	0.824	0.001
0.885	0.001	0.001	0.113
0.924	0.074	0.001	0.001
0.075	0.113	0.001	0.811
0.001	0.001	0.915	0.083
>GMCTCTCCCW	7-GMCTCTCCCW	7.873425	-18.255881	0	T:41.0(16.67%),B:3022.4(6.28%),P:1e-7	Tpos:102.0,Tstd:60.6,Bpos:101.0,Bstd:59.5,StrandBias:0.5,Multiplicity:1.13
0.053	0.042	0.827	0.078
0.407	0.545	0.047	0.001
0.001	0.888	0.105	0.006
0.052	0.109	0.005	0.834
0.097	0.901	0.001	0.001
0.057	0.033	0.001	0.909
0.001	0.801	0.047	0.151
0.047	0.795	0.107	0.051
0.049	0.722	0.167	0.062
0.428	0.001	0.001	0.570
>ACACASCCCG	8-ACACASCCCG	9.742832	-17.745354	0	T:9.0(3.66%),B:122.1(0.25%),P:1e-7	Tpos:97.7,Tstd:56.1,Bpos:91.2,Bstd:60.7,StrandBias:0.5,Multiplicity:1.33
0.997	0.001	0.001	0.001
0.236	0.762	0.001	0.001
0.997	0.001	0.001	0.001
0.001	0.997	0.001	0.001
0.509	0.289	0.001	0.201
0.001	0.437	0.561	0.001
0.001	0.726	0.001	0.272
0.001	0.762	0.236	0.001
0.001	0.997	0.001	0.001
0.001	0.001	0.997	0.001
>CTGAATCAGT	9-CTGAATCAGT	4.458463	-16.924976	0	T:201.0(81.71%),B:31857.6(66.15%),P:1e-7	Tpos:98.7,Tstd:55.4,Bpos:100.0,Bstd:63.4,StrandBias:-0.1,Multiplicity:1.69
0.100	0.700	0.100	0.100
0.100	0.100	0.100	0.700
0.100	0.100	0.700	0.100
0.700	0.100	0.100	0.100
0.700	0.100	0.100	0.100
0.100	0.100	0.100	0.700
0.100	0.700	0.100	0.100
0.700	0.100	0.100	0.100
0.100	0.100	0.700	0.100
0.100	0.100	0.100	0.700
>ACACTCCCAG	10-ACACTCCCAG	11.627624	-16.382323	0	T:8.0(3.25%),B:102.6(0.21%),P:1e-7	Tpos:87.3,Tstd:56.5,Bpos:114.6,Bstd:53.5,StrandBias:0.4,Multiplicity:1.00
0.997	0.001	0.001	0.001
0.132	0.775	0.092	0.001
0.997	0.001	0.001	0.001
0.001	0.997	0.001	0.001
0.001	0.001	0.001	0.997
0.001	0.997	0.001	0.001
0.001	0.997	0.001	0.001
0.001	0.997	0.001	0.001
0.997	0.001	0.001	0.001
0.001	0.001	0.830	0.168
>AATAGAATGG	11-AATAGAATGG	7.237668	-16.088351	0	T:27.0(10.98%),B:1626.4(3.38%),P:1e-6	Tpos:115.7,Tstd:51.9,Bpos:96.4,Bstd:56.9,StrandBias:0.3,Multiplicity:1.29
0.904	0.075	0.020	0.001
0.888	0.038	0.016	0.058
0.188	0.024	0.070	0.718
0.713	0.144	0.050	0.093
0.057	0.050	0.892	0.001
0.727	0.065	0.175	0.033
0.729	0.123	0.111	0.037
0.022	0.001	0.054	0.923
0.166	0.073	0.732	0.029
0.001	0.098	0.783	0.118
>AATGGAATCG	12-AATGGAATCG	11.053178	-16.024580	0	T:4.0(1.63%),B:8.1(0.02%),P:1e-6	Tpos:74.5,Tstd:61.2,Bpos:100.8,Bstd:43.9,StrandBias:10.0,Multiplicity:1.00
0.879	0.001	0.001	0.119
0.752	0.138	0.109	0.001
0.001	0.137	0.001	0.861
0.001	0.001	0.861	0.137
0.095	0.001	0.903	0.001
0.997	0.001	0.001	0.001
0.997	0.001	0.001	0.001
0.001	0.001	0.001	0.997
0.001	0.928	0.001	0.070
0.068	0.001	0.930	0.001
>AATCATCGAA	13-AATCATCGAA	9.989625	-15.476730	0	T:7.0(2.85%),B:77.9(0.16%),P:1e-6	Tpos:113.0,Tstd:52.7,Bpos:102.7,Bstd:53.0,StrandBias:1.6,Multiplicity:1.71
0.775	0.112	0.001	0.112
0.997	0.001	0.001	0.001
0.001	0.001	0.112	0.886
0.001	0.886	0.001	0.112
0.997	0.001	0.001	0.001
0.001	0.001	0.001	0.997
0.001	0.842	0.056	0.101
0.001	0.053	0.945	0.001
0.775	0.001	0.112	0.112
0.997	0.001	0.001	0.001
>TGAGTCAGGC	14-TGAGTCAGGC	5.447177	-15.314627	0	T:122.0(49.59%),B:16260.5(33.76%),P:1e-6	Tpos:107.8,Tstd:52.8,Bpos:100.7,Bstd:61.4,StrandBias:-0.1,Multiplicity:1.25
0.374	0.038	0.064	0.524
0.028	0.157	0.676	0.139
0.491	0.131	0.247	0.131
0.001	0.001	0.957	0.041
0.001	0.254	0.217	0.528
0.029	0.757	0.082	0.132
0.706	0.155	0.001	0.138
0.001	0.041	0.936	0.022
0.001	0.086	0.725	0.188
0.095	0.716	0.153	0.036
>TCGAATGGAA	15-TCGAATGGAA	11.545439	-12.825326	0	T:3.0(1.22%),B:5.3(0.01%),P:1e-5	Tpos:102.5,Tstd:56.7,Bpos:90.2,Bstd:32.4,StrandBias:10.0,Multiplicity:1.33
0.017	0.092	0.044	0.847
0.042	0.669	0.186	0.103
0.133	0.064	0.719	0.084
0.894	0.001	0.044	0.061
0.923	0.001	0.016	0.060
0.062	0.083	0.019	0.836
0.120	0.131	0.686	0.063
0.065	0.085	0.803	0.047
0.976	0.001	0.022	0.001
0.652	0.269	0.021	0.058
>CGTGTGGCGT	16-CGTGTGGCGT	12.876182	-12.282141	0	T:3.0(1.22%),B:6.2(0.01%),P:1e-5	Tpos:96.0,Tstd:61.2,Bpos:79.0,Bstd:42.3,StrandBias:1.6,Multiplicity:1.33
0.001	0.997	0.001	0.001
0.001	0.001	0.997	0.001
0.001	0.001	0.001	0.997
0.001	0.383	0.615	0.001
0.001	0.001	0.001	0.997
0.001	0.001	0.997	0.001
0.001	0.001	0.997	0.001
0.001	0.997	0.001	0.001
0.001	0.001	0.997	0.001
0.001	0.001	0.001	0.997
>GCCCCAGTTC	17-GCCCCAGTTC	11.304715	-12.039501	0	T:7.0(2.85%),B:130.3(0.27%),P:1e-5	Tpos:124.7,Tstd:53.7,Bpos:94.6,Bstd:49.9,StrandBias:1.8,Multiplicity:1.50
0.108	0.001	0.890	0.001
0.001	0.997	0.001	0.001
0.001	0.997	0.001	0.001
0.001	0.835	0.001	0.163
0.001	0.997	0.001	0.001
0.997	0.001	0.001	0.001
0.001	0.001	0.877	0.121
0.001	0.001	0.001	0.997
0.001	0.001	0.001	0.997
0.001	0.997	0.001	0.001
>CTRCCTCATT	18-CTRCCTCATT	8.775387	-10.496939	0	T:16.0(6.50%),B:924.9(1.92%),P:1e-4	Tpos:103.1,Tstd:54.9,Bpos:97.8,Bstd:62.5,StrandBias:1.6,Multiplicity:1.00
0.097	0.589	0.313	0.001
0.001	0.090	0.099	0.810
0.392	0.194	0.302	0.111
0.001	0.997	0.001	0.001
0.001	0.783	0.001	0.215
0.001	0.001	0.001	0.997
0.092	0.710	0.001	0.197
0.817	0.078	0.001	0.104
0.001	0.001	0.001	0.997
0.001	0.001	0.001	0.997
>GTGCAGDCGG	19-GTGCAGDCGG	9.693247	-9.480963	0	T:7.0(2.85%),B:195.6(0.41%),P:1e-4	Tpos:87.4,Tstd:50.1,Bpos:106.2,Bstd:60.7,StrandBias:0.3,Multiplicity:1.29
0.001	0.001	0.997	0.001
0.001	0.001	0.001	0.997
0.001	0.001	0.997	0.001
0.221	0.636	0.142	0.001
0.734	0.001	0.001	0.264
0.001	0.001	0.997	0.001
0.239	0.152	0.231	0.379
0.100	0.898	0.001	0.001
0.001	0.217	0.781	0.001
0.001	0.124	0.874	0.001
>GCGCGCBSGC	20-GCGCGCBSGC	7.786889	-8.940941	0	T:11.0(4.47%),B:542.1(1.13%),P:1e-3	Tpos:96.3,Tstd:52.1,Bpos:98.7,Bstd:45.7,StrandBias:0.7,Multiplicity:1.64
0.219	0.001	0.650	0.130
0.001	0.827	0.060	0.112
0.115	0.023	0.783	0.079
0.032	0.966	0.001	0.001
0.001	0.183	0.815	0.001
0.179	0.534	0.097	0.190
0.163	0.250	0.355	0.233
0.133	0.410	0.455	0.001
0.001	0.017	0.939	0.043
0.001	0.714	0.001	0.284
