>TSTGACTCAK	1-TSTGACTCAK	6.000994	-175.369518	0	T:127.0(51.63%),B:3473.7(7.21%),P:1e-76	Tpos:100.8,Tstd:54.4,Bpos:101.9,Bstd:66.6,StrandBias:0.1,Multiplicity:1.33
0.086	0.205	0.134	0.575
0.223	0.346	0.414	0.017
0.001	0.001	0.001	0.997
0.001	0.001	0.900	0.098
0.997	0.001	0.001	0.001
0.060	0.602	0.246	0.092
0.001	0.001	0.001	0.997
0.048	0.950	0.001	0.001
0.997	0.001	0.001	0.001
0.036	0.150	0.364	0.451
>TGACCTTTTA	2-TGACCTTTTA	7.504049	-42.490810	0	T:47.0(19.11%),B:1902.0(3.95%),P:1e-18	Tpos:107.5,Tstd:58.3,Bpos:101.6,Bstd:62.9,StrandBias:-0.1,Multiplicity:1.05
0.022	0.038	0.052	0.888
0.131	0.040	0.828	0.001
0.769	0.108	0.086	0.037
0.037	0.906	0.016	0.041
0.113	0.827	0.001	0.059
0.052	0.027	0.019	0.902
0.103	0.074	0.001	0.822
0.084	0.104	0.036	0.776
0.130	0.087	0.164	0.619
0.670	0.133	0.126	0.071
>TGTTTGTTYT	3-TGTTTGTTYT	8.651627	-30.000632	0	T:34.0(13.82%),B:1407.7(2.92%),P:1e-13	Tpos:112.1,Tstd:54.3,Bpos:104.1,Bstd:59.1,StrandBias:0.4,Multiplicity:1.03
0.001	0.001	0.001	0.997
0.001	0.001	0.997	0.001
0.001	0.313	0.001	0.685
0.001	0.001	0.001	0.997
0.001	0.001	0.001	0.997
0.334	0.001	0.664	0.001
0.001	0.197	0.001	0.801
0.001	0.001	0.001	0.997
0.001	0.451	0.198	0.351
0.350	0.001	0.001	0.648
>CCAGTGGCTA	4-CCAGTGGCTA	10.280027	-24.473664	0	T:15.0(6.10%),B:275.9(0.57%),P:1e-10	Tpos:91.5,Tstd:56.0,Bpos:103.0,Bstd:59.5,StrandBias:-0.7,Multiplicity:1.00
0.001	0.997	0.001	0.001
0.001	0.997	0.001	0.001
0.857	0.141	0.001	0.001
0.001	0.001	0.997	0.001
0.001	0.001	0.001	0.997
0.118	0.001	0.757	0.124
0.085	0.108	0.806	0.001
0.001	0.997	0.001	0.001
0.071	0.001	0.001	0.927
0.760	0.059	0.061	0.120
>ATCGAATGGA	5-ATCGAATGGA	13.029349	-18.781103	0	T:4.0(1.63%),B:4.2(0.01%),P:1e-8	Tpos:140.8,Tstd:45.8,Bpos:103.6,Bstd:85.8,StrandBias:10.0,Multiplicity:1.50
0.871	0.035	0.047	0.047
0.001	0.001	0.001	0.997
0.022	0.878	0.017	0.083
0.110	0.001	0.888	0.001
0.905	0.001	0.047	0.047
0.905	0.047	0.047	0.001
0.047	0.047	0.001	0.905
0.001	0.001	0.997	0.001
0.035	0.047	0.871	0.047
0.997	0.001	0.001	0.001
>TCATCGAATG	6-TCATCGAATG	11.317478	-18.428412	0	T:6.0(2.44%),B:28.8(0.06%),P:1e-8	Tpos:86.7,Tstd:64.8,Bpos:111.4,Bstd:68.5,StrandBias:2.3,Multiplicity:1.20
0.001	0.001	0.113	0.885
0.001	0.997	0.001	0.001
0.997	0.001	0.001	0.001
0.001	0.001	0.001	0.997
0.001	0.847	0.046	0.106
0.174	0.001	0.824	0.001
0.885	0.001	0.001	0.113
0.924	0.074	0.001	0.001
0.075	0.113	0.001	0.811
0.001	0.001	0.915	0.083
>GMCTCTCCCW	7-GMCTCTCCCW	7.873425	-18.255881	0	T:41.0(16.67%),B:3022.4(6.28%),P:1e-7	Tpos:102.0,Tstd:60.6,Bpos:101.0,Bstd:59.5,StrandBias:0.5,Multiplicity:1.13
0.053	0.042	0.827	0.078
0.407	0.545	0.047	0.001
0.001	0.888	0.105	0.006
0.052	0.109	0.005	0.834
0.097	0.901	0.001	0.001
0.057	0.033	0.001	0.909
0.001	0.801	0.047	0.151
0.047	0.795	0.107	0.051
0.049	0.722	0.167	0.062
0.428	0.001	0.001	0.570
>ACACASCCCG	8-ACACASCCCG	9.742832	-17.745354	0	T:9.0(3.66%),B:122.1(0.25%),P:1e-7	Tpos:97.7,Tstd:56.1,Bpos:91.2,Bstd:60.7,StrandBias:0.5,Multiplicity:1.33
0.997	0.001	0.001	0.001
0.236	0.762	0.001	0.001
0.997	0.001	0.001	0.001
0.001	0.997	0.001	0.001
0.509	0.289	0.001	0.201
0.001	0.437	0.561	0.001
0.001	0.726	0.001	0.272
0.001	0.762	0.236	0.001
0.001	0.997	0.001	0.001
0.001	0.001	0.997	0.001
>CTGAATCAGT	9-CTGAATCAGT	4.458463	-16.924976	0	T:201.0(81.71%),B:31857.6(66.15%),P:1e-7	Tpos:98.7,Tstd:55.4,Bpos:100.0,Bstd:63.4,StrandBias:-0.1,Multiplicity:1.69
0.100	0.700	0.100	0.100
0.100	0.100	0.100	0.700
0.100	0.100	0.700	0.100
0.700	0.100	0.100	0.100
0.700	0.100	0.100	0.100
0.100	0.100	0.100	0.700
0.100	0.700	0.100	0.100
0.700	0.100	0.100	0.100
0.100	0.100	0.700	0.100
0.100	0.100	0.100	0.700
>ACACTCCCAG	10-ACACTCCCAG	11.627624	-16.382323	0	T:8.0(3.25%),B:102.6(0.21%),P:1e-7	Tpos:87.3,Tstd:56.5,Bpos:114.6,Bstd:53.5,StrandBias:0.4,Multiplicity:1.00
0.997	0.001	0.001	0.001
0.132	0.775	0.092	0.001
0.997	0.001	0.001	0.001
0.001	0.997	0.001	0.001
0.001	0.001	0.001	0.997
0.001	0.997	0.001	0.001
0.001	0.997	0.001	0.001
0.001	0.997	0.001	0.001
0.997	0.001	0.001	0.001
0.001	0.001	0.830	0.168
>AATAGAATGG	11-AATAGAATGG	7.237668	-16.088351	0	T:27.0(10.98%),B:1626.4(3.38%),P:1e-6	Tpos:115.7,Tstd:51.9,Bpos:96.4,Bstd:56.9,StrandBias:0.3,Multiplicity:1.29
0.904	0.075	0.020	0.001
0.888	0.038	0.016	0.058
0.188	0.024	0.070	0.718
0.713	0.144	0.050	0.093
0.057	0.050	0.892	0.001
0.727	0.065	0.175	0.033
0.729	0.123	0.111	0.037
0.022	0.001	0.054	0.923
0.166	0.073	0.732	0.029
0.001	0.098	0.783	0.118
>AATGGAATCG	12-AATGGAATCG	11.053178	-16.024580	0	T:4.0(1.63%),B:8.1(0.02%),P:1e-6	Tpos:74.5,Tstd:61.2,Bpos:100.8,Bstd:43.9,StrandBias:10.0,Multiplicity:1.00
0.879	0.001	0.001	0.119
0.752	0.138	0.109	0.001
0.001	0.137	0.001	0.861
0.001	0.001	0.861	0.137
0.095	0.001	0.903	0.001
0.997	0.001	0.001	0.001
0.997	0.001	0.001	0.001
0.001	0.001	0.001	0.997
0.001	0.928	0.001	0.070
0.068	0.001	0.930	0.001
>AATCATCGAA	13-AATCATCGAA	9.989625	-15.476730	0	T:7.0(2.85%),B:77.9(0.16%),P:1e-6	Tpos:113.0,Tstd:52.7,Bpos:102.7,Bstd:53.0,StrandBias:1.6,Multiplicity:1.71
0.775	0.112	0.001	0.112
0.997	0.001	0.001	0.001
0.001	0.001	0.112	0.886
0.001	0.886	0.001	0.112
0.997	0.001	0.001	0.001
0.001	0.001	0.001	0.997
0.001	0.842	0.056	0.101
0.001	0.053	0.945	0.001
0.775	0.001	0.112	0.112
0.997	0.001	0.001	0.001
>TGAGTCAGGC	14-TGAGTCAGGC	5.447177	-15.314627	0	T:122.0(49.59%),B:16260.5(33.76%),P:1e-6	Tpos:107.8,Tstd:52.8,Bpos:100.7,Bstd:61.4,StrandBias:-0.1,Multiplicity:1.25
0.374	0.038	0.064	0.524
0.028	0.157	0.676	0.139
0.491	0.131	0.247	0.131
0.001	0.001	0.957	0.041
0.001	0.254	0.217	0.528
0.029	0.757	0.082	0.132
0.706	0.155	0.001	0.138
0.001	0.041	0.936	0.022
0.001	0.086	0.725	0.188
0.095	0.716	0.153	0.036
>TCGAATGGAA	15-TCGAATGGAA	11.545439	-12.825326	0	T:3.0(1.22%),B:5.3(0.01%),P:1e-5	Tpos:102.5,Tstd:56.7,Bpos:90.2,Bstd:32.4,StrandBias:10.0,Multiplicity:1.33
0.017	0.092	0.044	0.847
0.042	0.669	0.186	0.103
0.133	0.064	0.719	0.084
0.894	0.001	0.044	0.061
0.923	0.001	0.016	0.060
0.062	0.083	0.019	0.836
0.120	0.131	0.686	0.063
0.065	0.085	0.803	0.047
0.976	0.001	0.022	0.001
0.652	0.269	0.021	0.058
>CGTGTGGCGT	16-CGTGTGGCGT	12.876182	-12.282141	0	T:3.0(1.22%),B:6.2(0.01%),P:1e-5	Tpos:96.0,Tstd:61.2,Bpos:79.0,Bstd:42.3,StrandBias:1.6,Multiplicity:1.33
0.001	0.997	0.001	0.001
0.001	0.001	0.997	0.001
0.001	0.001	0.001	0.997
0.001	0.383	0.615	0.001
0.001	0.001	0.001	0.997
0.001	0.001	0.997	0.001
0.001	0.001	0.997	0.001
0.001	0.997	0.001	0.001
0.001	0.001	0.997	0.001
0.001	0.001	0.001	0.997
>GCCCCAGTTC	17-GCCCCAGTTC	11.304715	-12.039501	0	T:7.0(2.85%),B:130.3(0.27%),P:1e-5	Tpos:124.7,Tstd:53.7,Bpos:94.6,Bstd:49.9,StrandBias:1.8,Multiplicity:1.50
0.108	0.001	0.890	0.001
0.001	0.997	0.001	0.001
0.001	0.997	0.001	0.001
0.001	0.835	0.001	0.163
0.001	0.997	0.001	0.001
0.997	0.001	0.001	0.001
0.001	0.001	0.877	0.121
0.001	0.001	0.001	0.997
0.001	0.001	0.001	0.997
0.001	0.997	0.001	0.001
>CTRCCTCATT	18-CTRCCTCATT	8.775387	-10.496939	0	T:16.0(6.50%),B:924.9(1.92%),P:1e-4	Tpos:103.1,Tstd:54.9,Bpos:97.8,Bstd:62.5,StrandBias:1.6,Multiplicity:1.00
0.097	0.589	0.313	0.001
0.001	0.090	0.099	0.810
0.392	0.194	0.302	0.111
0.001	0.997	0.001	0.001
0.001	0.783	0.001	0.215
0.001	0.001	0.001	0.997
0.092	0.710	0.001	0.197
0.817	0.078	0.001	0.104
0.001	0.001	0.001	0.997
0.001	0.001	0.001	0.997
>GTGCAGDCGG	19-GTGCAGDCGG	9.693247	-9.480963	0	T:7.0(2.85%),B:195.6(0.41%),P:1e-4	Tpos:87.4,Tstd:50.1,Bpos:106.2,Bstd:60.7,StrandBias:0.3,Multiplicity:1.29
0.001	0.001	0.997	0.001
0.001	0.001	0.001	0.997
0.001	0.001	0.997	0.001
0.221	0.636	0.142	0.001
0.734	0.001	0.001	0.264
0.001	0.001	0.997	0.001
0.239	0.152	0.231	0.379
0.100	0.898	0.001	0.001
0.001	0.217	0.781	0.001
0.001	0.124	0.874	0.001
>GCGCGCBSGC	20-GCGCGCBSGC	7.786889	-8.940941	0	T:11.0(4.47%),B:542.1(1.13%),P:1e-3	Tpos:96.3,Tstd:52.1,Bpos:98.7,Bstd:45.7,StrandBias:0.7,Multiplicity:1.64
0.219	0.001	0.650	0.130
0.001	0.827	0.060	0.112
0.115	0.023	0.783	0.079
0.032	0.966	0.001	0.001
0.001	0.183	0.815	0.001
0.179	0.534	0.097	0.190
0.163	0.250	0.355	0.233
0.133	0.410	0.455	0.001
0.001	0.017	0.939	0.043
0.001	0.714	0.001	0.284
>WGAATGACTCAB	1-WGAATGACTCAB	5.165688	-97.578233	0	T:158.0(64.23%),B:11075.0(23.00%),P:1e-42	Tpos:98.6,Tstd:55.2,Bpos:101.7,Bstd:65.7,StrandBias:-0.2,Multiplicity:1.46
0.325	0.157	0.184	0.334
0.204	0.185	0.455	0.157
0.645	0.109	0.136	0.110
0.557	0.170	0.157	0.116
0.116	0.054	0.082	0.748
0.075	0.136	0.666	0.123
0.707	0.109	0.068	0.116
0.095	0.574	0.202	0.129
0.089	0.127	0.082	0.702
0.185	0.604	0.116	0.095
0.729	0.148	0.075	0.048
0.157	0.338	0.226	0.279
>GAMTCATCATCB	2-GAMTCATCATCB	8.250740	-51.082980	0	T:37.0(15.04%),B:860.1(1.79%),P:1e-22	Tpos:83.9,Tstd:47.7,Bpos:103.1,Bstd:67.7,StrandBias:0.0,Multiplicity:1.19
0.001	0.052	0.944	0.003
0.997	0.001	0.001	0.001
0.454	0.345	0.149	0.052
0.045	0.104	0.001	0.850
0.104	0.843	0.052	0.001
0.894	0.001	0.052	0.053
0.001	0.091	0.182	0.726
0.001	0.800	0.198	0.001
0.645	0.302	0.001	0.052
0.198	0.094	0.094	0.614
0.054	0.442	0.264	0.240
0.133	0.256	0.308	0.303
>ATGTGACTCAGA	3-ATGTGACTCAGA	8.463612	-32.457327	0	T:32.0(13.01%),B:1131.7(2.35%),P:1e-14	Tpos:107.0,Tstd:52.9,Bpos:99.8,Bstd:67.5,StrandBias:-0.4,Multiplicity:1.22
0.700	0.100	0.100	0.100
0.100	0.100	0.100	0.700
0.100	0.100	0.700	0.100
0.100	0.100	0.100	0.700
0.100	0.100	0.700	0.100
0.700	0.100	0.100	0.100
0.100	0.700	0.100	0.100
0.100	0.100	0.100	0.700
0.100	0.700	0.100	0.100
0.700	0.100	0.100	0.100
0.100	0.100	0.700	0.100
0.700	0.100	0.100	0.100
>TCRWATGGAATC	4-TCRWATGGAATC	14.489061	-31.217117	0	T:5.0(2.03%),B:0.0(0.00%),P:1e-13	Tpos:73.3,Tstd:62.5,Bpos:0.0,Bstd:0.0,StrandBias:2.6,Multiplicity:1.40
0.001	0.001	0.001	0.997
0.001	0.997	0.001	0.001
0.497	0.001	0.501	0.001
0.504	0.001	0.001	0.494
0.815	0.001	0.183	0.001
0.001	0.157	0.001	0.841
0.001	0.001	0.997	0.001
0.001	0.001	0.841	0.157
0.997	0.001	0.001	0.001
0.841	0.157	0.001	0.001
0.001	0.001	0.001	0.997
0.001	0.997	0.001	0.001
>ATAAACACTCCC	5-ATAAACACTCCC	10.676725	-27.286003	0	T:11.0(4.47%),B:85.1(0.18%),P:1e-11	Tpos:100.2,Tstd:51.4,Bpos:106.6,Bstd:54.7,StrandBias:0.3,Multiplicity:1.10
0.874	0.001	0.124	0.001
0.001	0.124	0.001	0.874
0.748	0.001	0.250	0.001
0.874	0.001	0.124	0.001
0.874	0.001	0.001	0.124
0.125	0.749	0.125	0.001
0.874	0.001	0.001	0.124
0.125	0.749	0.001	0.125
0.001	0.001	0.001	0.997
0.001	0.650	0.224	0.125
0.001	0.874	0.001	0.124
0.098	0.900	0.001	0.001
>AAGAAATGCGGC	6-AAGAAATGCGGC	14.640156	-24.314224	0	T:4.0(1.63%),B:1.5(0.00%),P:1e-10	Tpos:124.5,Tstd:20.0,Bpos:83.0,Bstd:0.0,StrandBias:-1.6,Multiplicity:1.00
0.997	0.001	0.001	0.001
0.997	0.001	0.001	0.001
0.001	0.001	0.997	0.001
0.997	0.001	0.001	0.001
0.749	0.249	0.001	0.001
0.997	0.001	0.001	0.001
0.001	0.001	0.001	0.997
0.001	0.001	0.997	0.001
0.001	0.749	0.001	0.249
0.001	0.001	0.997	0.001
0.001	0.001	0.749	0.249
0.001	0.997	0.001	0.001
>AGGCCCACACTG	7-AGGCCCACACTG	11.518124	-22.974906	0	T:11.0(4.47%),B:128.7(0.27%),P:1e-9	Tpos:129.5,Tstd:50.0,Bpos:99.0,Bstd:71.3,StrandBias:0.0,Multiplicity:1.09
0.869	0.001	0.129	0.001
0.001	0.001	0.997	0.001
0.263	0.095	0.641	0.001
0.001	0.741	0.129	0.129
0.020	0.978	0.001	0.001
0.001	0.869	0.129	0.001
0.896	0.001	0.001	0.102
0.001	0.997	0.001	0.001
0.621	0.377	0.001	0.001
0.258	0.740	0.001	0.001
0.412	0.001	0.001	0.586
0.001	0.001	0.997	0.001
>ATACACAGCAGT	8-ATACACAGCAGT	14.640156	-22.279164	0	T:5.0(2.03%),B:6.5(0.01%),P:1e-9	Tpos:82.8,Tstd:53.0,Bpos:87.8,Bstd:53.9,StrandBias:-0.6,Multiplicity:1.00
0.997	0.001	0.001	0.001
0.249	0.001	0.001	0.749
0.997	0.001	0.001	0.001
0.249	0.749	0.001	0.001
0.997	0.001	0.001	0.001
0.001	0.997	0.001	0.001
0.997	0.001	0.001	0.001
0.001	0.001	0.997	0.001
0.001	0.997	0.001	0.001
0.997	0.001	0.001	0.001
0.001	0.001	0.997	0.001
0.001	0.001	0.249	0.749
>ATCGAATGGAAT	9-ATCGAATGGAAT	12.841482	-21.512578	0	T:5.0(2.03%),B:7.6(0.02%),P:1e-9	Tpos:135.2,Tstd:53.6,Bpos:139.3,Bstd:37.5,StrandBias:2.2,Multiplicity:2.20
0.823	0.119	0.001	0.057
0.028	0.001	0.028	0.943
0.029	0.632	0.198	0.141
0.225	0.086	0.660	0.029
0.918	0.001	0.028	0.053
0.941	0.029	0.029	0.001
0.057	0.057	0.001	0.885
0.115	0.058	0.741	0.086
0.077	0.058	0.807	0.058
0.997	0.001	0.001	0.001
0.769	0.173	0.029	0.029
0.053	0.001	0.057	0.889
>AAGRTGTGTTTT	10-AAGRTGTGTTTT	10.102531	-19.521413	0	T:13.0(5.28%),B:279.6(0.58%),P:1e-8	Tpos:115.1,Tstd:53.3,Bpos:105.3,Bstd:56.6,StrandBias:-0.2,Multiplicity:1.00
0.800	0.001	0.198	0.001
0.614	0.193	0.001	0.192
0.001	0.001	0.997	0.001
0.386	0.192	0.421	0.001
0.192	0.001	0.006	0.801
0.001	0.228	0.770	0.001
0.221	0.001	0.001	0.777
0.001	0.001	0.806	0.192
0.001	0.192	0.001	0.806
0.001	0.001	0.192	0.806
0.001	0.001	0.001	0.997
0.001	0.001	0.199	0.799
>AAGCCACTGGCT	11-AAGCCACTGGCT	10.412948	-18.624242	0	T:9.0(3.66%),B:110.1(0.23%),P:1e-8	Tpos:115.7,Tstd:40.1,Bpos:107.4,Bstd:55.0,StrandBias:0.0,Multiplicity:1.00
0.829	0.163	0.003	0.005
0.918	0.001	0.080	0.001
0.122	0.001	0.876	0.001
0.121	0.803	0.075	0.001
0.003	0.605	0.002	0.390
0.722	0.001	0.273	0.004
0.001	0.573	0.308	0.118
0.081	0.004	0.075	0.840
0.119	0.003	0.758	0.120
0.001	0.067	0.808	0.124
0.001	0.802	0.094	0.103
0.181	0.001	0.103	0.715
>CTGGGCCCTTGC	12-CTGGGCCCTTGC	11.618404	-17.677293	0	T:8.0(3.25%),B:86.8(0.18%),P:1e-7	Tpos:68.4,Tstd:50.0,Bpos:92.5,Bstd:57.5,StrandBias:1.6,Multiplicity:1.00
0.203	0.593	0.203	0.001
0.001	0.001	0.001	0.997
0.001	0.202	0.796	0.001
0.001	0.351	0.647	0.001
0.001	0.202	0.796	0.001
0.001	0.997	0.001	0.001
0.001	0.796	0.202	0.001
0.001	0.997	0.001	0.001
0.001	0.149	0.001	0.849
0.001	0.001	0.001	0.997
0.001	0.202	0.796	0.001
0.001	0.796	0.001	0.202
>TCTTACAAGCCG	13-TCTTACAAGCCG	14.640156	-17.638513	0	T:3.0(1.22%),B:1.4(0.00%),P:1e-7	Tpos:112.8,Tstd:48.7,Bpos:168.0,Bstd:0.0,StrandBias:2.0,Multiplicity:1.67
0.001	0.001	0.001	0.997
0.001	0.997	0.001	0.001
0.001	0.001	0.001	0.997
0.001	0.001	0.001	0.997
0.997	0.001	0.001	0.001
0.001	0.749	0.001	0.249
0.997	0.001	0.001	0.001
0.749	0.001	0.001	0.249
0.001	0.001	0.997	0.001
0.001	0.997	0.001	0.001
0.001	0.997	0.001	0.001
0.249	0.001	0.749	0.001
>AGRKCMAGTCCM	14-AGRKCMAGTCCM	7.778883	-16.946898	0	T:36.0(14.63%),B:2561.0(5.32%),P:1e-7	Tpos:96.0,Tstd:51.3,Bpos:99.9,Bstd:59.0,StrandBias:0.7,Multiplicity:1.14
0.781	0.001	0.217	0.001
0.001	0.001	0.997	0.001
0.493	0.001	0.505	0.001
0.001	0.090	0.383	0.526
0.001	0.907	0.091	0.001
0.496	0.502	0.001	0.001
0.781	0.108	0.003	0.108
0.001	0.380	0.618	0.001
0.107	0.193	0.001	0.699
0.003	0.610	0.280	0.107
0.103	0.895	0.001	0.001
0.484	0.412	0.001	0.104
>NTATTTCTGTGN	15-NTATTTCTGTGN	9.652955	-16.554690	0	T:4.0(1.63%),B:7.6(0.02%),P:1e-7	Tpos:80.8,Tstd:65.9,Bpos:99.3,Bstd:59.4,StrandBias:1.6,Multiplicity:1.00
0.236	0.310	0.198	0.256
0.149	0.159	0.120	0.572
0.530	0.168	0.153	0.149
0.101	0.106	0.140	0.653
0.087	0.141	0.133	0.639
0.106	0.140	0.115	0.639
0.086	0.695	0.103	0.116
0.116	0.074	0.034	0.776
0.103	0.141	0.592	0.164
0.135	0.062	0.114	0.689
0.108	0.122	0.639	0.131
0.265	0.240	0.177	0.319
>CTATRGTGAACT	16-CTATRGTGAACT	11.100519	-15.279631	0	T:6.0(2.44%),B:48.2(0.10%),P:1e-6	Tpos:101.6,Tstd:49.8,Bpos:90.8,Bstd:47.1,StrandBias:-2.0,Multiplicity:2.00
0.214	0.524	0.261	0.001
0.001	0.001	0.001	0.997
0.770	0.001	0.228	0.001
0.001	0.001	0.001	0.997
0.492	0.001	0.506	0.001
0.001	0.001	0.997	0.001
0.259	0.001	0.001	0.739
0.001	0.001	0.997	0.001
0.997	0.001	0.001	0.001
0.737	0.261	0.001	0.001
0.001	0.997	0.001	0.001
0.245	0.001	0.001	0.753
>SGCGCGCCGGCC	17-SGCGCGCCGGCC	10.702453	-14.897918	0	T:7.0(2.85%),B:84.1(0.17%),P:1e-6	Tpos:113.1,Tstd:55.8,Bpos:89.8,Bstd:39.7,StrandBias:1.2,Multiplicity:1.14
0.001	0.501	0.497	0.001
0.001	0.001	0.997	0.001
0.201	0.797	0.001	0.001
0.001	0.001	0.997	0.001
0.001	0.800	0.198	0.001
0.250	0.001	0.748	0.001
0.004	0.543	0.202	0.251
0.251	0.457	0.251	0.040
0.001	0.199	0.797	0.003
0.001	0.001	0.997	0.001
0.251	0.450	0.001	0.298
0.001	0.748	0.250	0.001
>CGTGGTGTGGCG	18-CGTGGTGTGGCG	9.213068	-13.722211	0	T:9.0(3.66%),B:198.4(0.41%),P:1e-5	Tpos:94.5,Tstd:51.3,Bpos:101.9,Bstd:59.5,StrandBias:0.3,Multiplicity:1.11
0.062	0.717	0.118	0.103
0.059	0.118	0.646	0.177
0.339	0.008	0.003	0.650
0.003	0.304	0.516	0.177
0.059	0.061	0.879	0.001
0.001	0.001	0.058	0.940
0.002	0.121	0.876	0.001
0.118	0.003	0.059	0.820
0.059	0.002	0.938	0.001
0.118	0.059	0.764	0.059
0.177	0.484	0.118	0.221
0.118	0.121	0.643	0.118
>CCATTCGATGAT	19-CCATTCGATGAT	9.862638	-11.209327	0	T:7.0(2.85%),B:148.9(0.31%),P:1e-4	Tpos:93.9,Tstd:50.9,Bpos:98.1,Bstd:61.7,StrandBias:-1.2,Multiplicity:1.67
0.001	0.632	0.001	0.366
0.001	0.997	0.001	0.001
0.863	0.124	0.002	0.011
0.001	0.001	0.001	0.997
0.001	0.001	0.001	0.997
0.001	0.643	0.001	0.355
0.135	0.001	0.740	0.124
0.751	0.001	0.124	0.124
0.001	0.123	0.001	0.875
0.001	0.124	0.751	0.124
0.750	0.248	0.001	0.001
0.123	0.001	0.001	0.875
>CACAGCTGGAGC	20-CACAGCTGGAGC	12.355432	-10.482618	0	T:3.0(1.22%),B:11.7(0.02%),P:1e-4	Tpos:67.4,Tstd:39.4,Bpos:126.8,Bstd:59.3,StrandBias:-2.0,Multiplicity:1.67
0.100	0.700	0.100	0.100
0.700	0.100	0.100	0.100
0.100	0.700	0.100	0.100
0.700	0.100	0.100	0.100
0.100	0.100	0.700	0.100
0.100	0.700	0.100	0.100
0.100	0.100	0.100	0.700
0.100	0.100	0.700	0.100
0.100	0.100	0.700	0.100
0.700	0.100	0.100	0.100
0.100	0.100	0.700	0.100
0.100	0.700	0.100	0.100
>GAGCCTGGCWGA	21-GAGCCTGGCWGA	11.508287	-10.273998	0	T:6.0(2.44%),B:116.5(0.24%),P:1e-4	Tpos:84.7,Tstd:48.4,Bpos:97.9,Bstd:59.7,StrandBias:0.0,Multiplicity:1.67
0.001	0.336	0.662	0.001
0.713	0.001	0.285	0.001
0.001	0.105	0.893	0.001
0.005	0.920	0.074	0.001
0.163	0.835	0.001	0.001
0.001	0.001	0.209	0.789
0.001	0.001	0.997	0.001
0.001	0.381	0.617	0.001
0.001	0.997	0.001	0.001
0.450	0.001	0.083	0.466
0.001	0.143	0.855	0.001
0.732	0.106	0.084	0.078
>TAGTCATAGGGT	22-TAGTCATAGGGT	15.456778	-9.871501	0	T:2.0(0.81%),B:2.6(0.01%),P:1e-4	Tpos:89.2,Tstd:53.4,Bpos:59.9,Bstd:41.3,StrandBias:10.0,Multiplicity:2.00
0.001	0.001	0.001	0.997
0.997	0.001	0.001	0.001
0.001	0.001	0.997	0.001
0.001	0.001	0.001	0.997
0.001	0.997	0.001	0.001
0.997	0.001	0.001	0.001
0.318	0.001	0.001	0.680
0.997	0.001	0.001	0.001
0.001	0.001	0.997	0.001
0.001	0.001	0.997	0.001
0.001	0.001	0.997	0.001
0.001	0.001	0.001	0.997
>TTCTATTCCTGC	23-TTCTATTCCTGC	15.128448	-9.063945	0	T:2.0(0.81%),B:3.2(0.01%),P:1e-3	Tpos:117.8,Tstd:52.5,Bpos:92.4,Bstd:54.8,StrandBias:10.0,Multiplicity:2.50
0.001	0.001	0.001	0.997
0.001	0.001	0.001	0.997
0.001	0.997	0.001	0.001
0.001	0.001	0.001	0.997
0.997	0.001	0.001	0.001
0.001	0.001	0.001	0.997
0.001	0.001	0.001	0.997
0.001	0.997	0.001	0.001
0.001	0.997	0.001	0.001
0.229	0.001	0.001	0.769
0.001	0.001	0.997	0.001
0.001	0.997	0.001	0.001
>GCGCGCGCGCCC	24-GCGCGCGCGCCC	13.543269	-6.164938	0	T:2.0(0.81%),B:13.4(0.03%),P:1e-2	Tpos:83.5,Tstd:12.5,Bpos:89.0,Bstd:37.4,StrandBias:10.0,Multiplicity:1.00
0.089	0.001	0.909	0.001
0.001	0.997	0.001	0.001
0.001	0.273	0.604	0.122
0.001	0.819	0.179	0.001
0.001	0.323	0.675	0.001
0.001	0.997	0.001	0.001
0.001	0.088	0.805	0.106
0.001	0.997	0.001	0.001
0.001	0.154	0.844	0.001
0.001	0.876	0.001	0.122
0.245	0.583	0.171	0.001
0.001	0.909	0.089	0.001
>CCTGCCCACACC	25-CCTGCCCACACC	12.355432	-3.900775	0	T:1.0(0.41%),B:5.0(0.01%),P:1e-1	Tpos:97.7,Tstd:62.9,Bpos:115.0,Bstd:48.0,StrandBias:10.0,Multiplicity:6.00
0.100	0.700	0.100	0.100
0.100	0.700	0.100	0.100
0.100	0.100	0.100	0.700
0.100	0.100	0.700	0.100
0.100	0.700	0.100	0.100
0.100	0.700	0.100	0.100
0.100	0.700	0.100	0.100
0.700	0.100	0.100	0.100
0.100	0.700	0.100	0.100
0.700	0.100	0.100	0.100
0.100	0.700	0.100	0.100
0.100	0.700	0.100	0.100
>ATGAGTCA	1-ATGAGTCA	7.993379	-163.629828	0	T:108.0(43.90%),B:2437.8(5.06%),P:1e-71	Tpos:101.3,Tstd:56.1,Bpos:102.9,Bstd:68.0,StrandBias:0.0,Multiplicity:1.20
0.681	0.211	0.107	0.001
0.001	0.001	0.001	0.997
0.001	0.001	0.956	0.042
0.997	0.001	0.001	0.001
0.129	0.084	0.669	0.118
0.001	0.001	0.001	0.997
0.105	0.893	0.001	0.001
0.997	0.001	0.001	0.001
>RTGATTCV	2-RTGATTCV	8.234160	-45.469476	0	T:34.0(13.82%),B:829.4(1.72%),P:1e-19	Tpos:110.8,Tstd:66.2,Bpos:100.2,Bstd:64.2,StrandBias:-0.4,Multiplicity:1.50
0.462	0.001	0.346	0.190
0.001	0.083	0.171	0.745
0.001	0.001	0.997	0.001
0.828	0.001	0.170	0.001
0.001	0.001	0.104	0.894
0.001	0.122	0.001	0.876
0.001	0.997	0.001	0.001
0.346	0.317	0.335	0.001
>STTAGTCA	3-STTAGTCA	7.184217	-38.497658	0	T:37.0(15.04%),B:1267.6(2.63%),P:1e-16	Tpos:106.9,Tstd:48.5,Bpos:105.0,Bstd:66.3,StrandBias:0.2,Multiplicity:1.11
0.217	0.322	0.416	0.046
0.001	0.072	0.001	0.926
0.028	0.001	0.001	0.970
0.951	0.001	0.047	0.001
0.001	0.063	0.878	0.058
0.001	0.001	0.001	0.997
0.001	0.997	0.001	0.001
0.982	0.001	0.001	0.016
>AAAGGTCA	4-AAAGGTCA	7.375561	-34.868229	0	T:51.0(20.73%),B:2720.9(5.65%),P:1e-15	Tpos:94.2,Tstd:58.5,Bpos:100.2,Bstd:62.4,StrandBias:0.3,Multiplicity:1.04
0.929	0.069	0.001	0.001
0.924	0.001	0.001	0.074
0.997	0.001	0.001	0.001
0.001	0.001	0.779	0.219
0.001	0.001	0.997	0.001
0.001	0.001	0.079	0.919
0.001	0.997	0.001	0.001
0.865	0.040	0.043	0.052
>TATTTRCT	5-TATTTRCT	7.275997	-27.798753	0	T:51.0(20.73%),B:3269.3(6.79%),P:1e-12	Tpos:101.7,Tstd:52.0,Bpos:100.6,Bstd:59.1,StrandBias:0.6,Multiplicity:1.29
0.109	0.001	0.001	0.889
0.600	0.001	0.398	0.001
0.108	0.109	0.001	0.782
0.101	0.001	0.001	0.897
0.001	0.001	0.120	0.878
0.457	0.001	0.541	0.001
0.001	0.660	0.001	0.338
0.059	0.001	0.188	0.752
>RATGACGN	6-RATGACGN	4.506260	-14.622603	0	T:21.0(8.54%),B:1122.1(2.33%),P:1e-6	Tpos:113.6,Tstd:50.9,Bpos:101.9,Bstd:64.1,StrandBias:0.3,Multiplicity:1.05
0.390	0.161	0.274	0.175
0.384	0.211	0.183	0.222
0.382	0.001	0.061	0.556
0.001	0.245	0.624	0.130
0.521	0.138	0.001	0.340
0.225	0.577	0.197	0.001
0.325	0.073	0.494	0.108
0.189	0.326	0.218	0.267
>ATCGRATG	7-ATCGRATG	6.246740	-14.326012	0	T:28.0(11.38%),B:1894.4(3.93%),P:1e-6	Tpos:93.3,Tstd:54.1,Bpos:100.6,Bstd:64.3,StrandBias:0.2,Multiplicity:1.20
0.607	0.312	0.001	0.080
0.001	0.003	0.279	0.717
0.028	0.697	0.117	0.158
0.285	0.066	0.517	0.132
0.472	0.031	0.464	0.032
0.681	0.164	0.088	0.067
0.095	0.007	0.093	0.805
0.001	0.187	0.697	0.115
>CATTCGAT	8-CATTCGAT	10.361585	-13.722688	0	T:5.0(2.03%),B:34.6(0.07%),P:1e-5	Tpos:106.0,Tstd:57.0,Bpos:113.2,Bstd:48.9,StrandBias:-2.3,Multiplicity:1.20
0.001	0.997	0.001	0.001
0.809	0.001	0.151	0.039
0.001	0.036	0.001	0.962
0.001	0.001	0.001	0.997
0.001	0.748	0.001	0.250
0.073	0.001	0.864	0.062
0.997	0.001	0.001	0.001
0.001	0.001	0.030	0.968
>CTCGCCCT	9-CTCGCCCT	6.866811	-13.129682	0	T:35.0(14.23%),B:2880.3(5.98%),P:1e-5	Tpos:100.1,Tstd:56.4,Bpos:101.4,Bstd:59.6,StrandBias:1.2,Multiplicity:1.24
0.001	0.659	0.137	0.203
0.199	0.001	0.001	0.799
0.107	0.839	0.001	0.053
0.008	0.001	0.943	0.048
0.001	0.977	0.021	0.001
0.001	0.974	0.024	0.001
0.153	0.845	0.001	0.001
0.001	0.001	0.139	0.859
>CCATTCGR	10-CCATTCGR	8.946342	-11.749524	0	T:7.0(2.85%),B:137.0(0.28%),P:1e-5	Tpos:79.3,Tstd:55.6,Bpos:98.3,Bstd:55.3,StrandBias:-2.0,Multiplicity:1.43
0.001	0.997	0.001	0.001
0.001	0.997	0.001	0.001
0.603	0.001	0.395	0.001
0.001	0.001	0.296	0.702
0.001	0.001	0.001	0.997
0.001	0.997	0.001	0.001
0.001	0.001	0.997	0.001
0.429	0.001	0.569	0.001
>AATSGAAT	11-AATSGAAT	9.987889	-6.865127	0	T:3.0(1.22%),B:38.7(0.08%),P:1e-2	Tpos:107.6,Tstd:47.5,Bpos:91.7,Bstd:54.1,StrandBias:10.0,Multiplicity:1.67
0.816	0.160	0.023	0.001
0.928	0.048	0.001	0.023
0.001	0.001	0.016	0.982
0.073	0.503	0.386	0.038
0.025	0.001	0.973	0.001
0.950	0.001	0.024	0.025
0.979	0.001	0.019	0.001
0.001	0.001	0.017	0.981
>TCTGCCCG	12-TCTGCCCG	8.438233	-6.619343	0	T:7.0(2.85%),B:316.8(0.66%),P:1e-2	Tpos:95.6,Tstd:52.9,Bpos:104.0,Bstd:57.5,StrandBias:0.3,Multiplicity:1.29
0.001	0.001	0.001	0.997
0.001	0.997	0.001	0.001
0.001	0.001	0.001	0.997
0.001	0.001	0.997	0.001
0.001	0.997	0.001	0.001
0.001	0.997	0.001	0.001
0.001	0.926	0.072	0.001
0.001	0.001	0.997	0.001
>GGTCGGGC	13-GGTCGGGC	5.818506	-6.535626	0	T:71.0(28.86%),B:9961.7(20.69%),P:1e-2	Tpos:107.4,Tstd:56.9,Bpos:98.8,Bstd:56.4,StrandBias:-0.1,Multiplicity:1.77
0.127	0.001	0.854	0.018
0.001	0.111	0.887	0.001
0.095	0.106	0.218	0.581
0.002	0.548	0.289	0.161
0.168	0.033	0.797	0.002
0.019	0.093	0.823	0.065
0.001	0.114	0.825	0.060
0.015	0.705	0.232	0.048
