>CGTGGTGTGGCG	18-CGTGGTGTGGCG,BestGuess:Klf4(Zf)/mES-Klf4-ChIP-Seq(GSE11431)/Homer(0.689)	9.213068	-13.722211	0	T:9.0(3.66%),B:198.4(0.41%),P:1e-5
0.062	0.717	0.118	0.103
0.059	0.118	0.646	0.177
0.339	0.008	0.003	0.650
0.003	0.304	0.516	0.177
0.059	0.061	0.879	0.001
0.001	0.001	0.058	0.940
0.002	0.121	0.876	0.001
0.118	0.003	0.059	0.820
0.059	0.002	0.938	0.001
0.118	0.059	0.764	0.059
0.177	0.484	0.118	0.221
0.118	0.121	0.643	0.118
