>NTATTTCTGTGN	15-NTATTTCTGTGN,BestGuess:ZNF768(Zf)/Rajj-ZNF768-ChIP-Seq(GSE111879)/Homer(0.662)	9.652955	-16.554690	0	T:4.0(1.63%),B:7.6(0.02%),P:1e-7
0.236	0.310	0.198	0.256
0.149	0.159	0.120	0.572
0.530	0.168	0.153	0.149
0.101	0.106	0.140	0.653
0.087	0.141	0.133	0.639
0.106	0.140	0.115	0.639
0.086	0.695	0.103	0.116
0.116	0.074	0.034	0.776
0.103	0.141	0.592	0.164
0.135	0.062	0.114	0.689
0.108	0.122	0.639	0.131
0.265	0.240	0.177	0.319
