>CGCCACACCACG	18-CGTGGTGTGGCG	9.213068	-13.722211	0	T:9.0(3.66%),B:198.4(0.41%),P:1e-5
0.118	0.643	0.121	0.118
0.221	0.118	0.484	0.177
0.059	0.764	0.059	0.118
0.001	0.938	0.002	0.059
0.820	0.059	0.003	0.118
0.001	0.876	0.121	0.002
0.940	0.058	0.001	0.001
0.001	0.879	0.061	0.059
0.177	0.516	0.304	0.003
0.650	0.003	0.008	0.339
0.177	0.646	0.118	0.059
0.103	0.118	0.717	0.062
