>WGAATGACTCAB	1-WGAATGACTCAB	5.165688	-97.578233	0	T:158.0(64.23%),B:11075.0(23.00%),P:1e-42
0.325	0.157	0.184	0.334
0.204	0.185	0.455	0.157
0.645	0.109	0.136	0.110
0.557	0.170	0.157	0.116
0.116	0.054	0.082	0.748
0.075	0.136	0.666	0.123
0.707	0.109	0.068	0.116
0.095	0.574	0.202	0.129
0.089	0.127	0.082	0.702
0.185	0.604	0.116	0.095
0.729	0.148	0.075	0.048
0.157	0.338	0.226	0.279
