>VTGASTCAKMDC	1-VTGASTCAKMDC	7.417851	-259.325305	0	T:189.0(40.47%),B:2543.1(5.27%),P:1e-112	Tpos:101.4,Tstd:52.1,Bpos:101.5,Bstd:68.2,StrandBias:0.0,Multiplicity:1.15
0.279	0.380	0.238	0.104
0.001	0.001	0.001	0.997
0.001	0.001	0.722	0.276
0.997	0.001	0.001	0.001
0.105	0.345	0.481	0.070
0.103	0.001	0.001	0.895
0.305	0.693	0.001	0.001
0.997	0.001	0.001	0.001
0.138	0.140	0.340	0.382
0.381	0.272	0.138	0.209
0.343	0.138	0.312	0.207
0.207	0.519	0.204	0.070
>ATGACTCATCCT	2-ATGACTCATCCT	5.053860	-244.219982	0	T:200.0(42.83%),B:3219.5(6.67%),P:1e-106	Tpos:99.3,Tstd:53.9,Bpos:100.2,Bstd:67.1,StrandBias:-0.1,Multiplicity:1.19
0.660	0.161	0.119	0.060
0.001	0.001	0.001	0.997
0.001	0.001	0.997	0.001
0.997	0.001	0.001	0.001
0.110	0.711	0.060	0.119
0.001	0.006	0.001	0.992
0.178	0.820	0.001	0.001
0.997	0.001	0.001	0.001
0.126	0.161	0.239	0.475
0.119	0.652	0.110	0.119
0.059	0.881	0.001	0.059
0.119	0.001	0.059	0.821
>TCGAATGGAATC	3-TCGAATGGAATC	11.168633	-41.407425	0	T:11.0(2.36%),B:12.8(0.03%),P:1e-17	Tpos:82.0,Tstd:57.3,Bpos:116.6,Bstd:25.5,StrandBias:3.5,Multiplicity:2.40
0.025	0.093	0.024	0.858
0.025	0.754	0.048	0.173
0.246	0.121	0.608	0.025
0.851	0.024	0.001	0.124
0.879	0.048	0.049	0.024
0.049	0.049	0.024	0.878
0.097	0.024	0.806	0.073
0.073	0.073	0.781	0.073
0.997	0.001	0.001	0.001
0.757	0.173	0.001	0.069
0.024	0.001	0.048	0.927
0.024	0.903	0.001	0.072
>TAAACAAACAGA	4-TAAACAAACAGA	6.827786	-40.673988	0	T:127.0(27.19%),B:5900.1(12.23%),P:1e-17	Tpos:100.3,Tstd:52.4,Bpos:99.0,Bstd:58.8,StrandBias:0.1,Multiplicity:1.16
0.173	0.105	0.197	0.525
0.603	0.001	0.231	0.165
0.889	0.085	0.001	0.025
0.546	0.094	0.359	0.001
0.001	0.638	0.001	0.360
0.825	0.173	0.001	0.001
0.709	0.151	0.094	0.046
0.769	0.106	0.075	0.050
0.101	0.459	0.252	0.188
0.974	0.001	0.001	0.024
0.177	0.221	0.533	0.069
0.713	0.108	0.001	0.178
>ATCGAATGGAAT	5-ATCGAATGGAAT	12.555879	-39.685292	0	T:10.0(2.14%),B:10.0(0.02%),P:1e-17	Tpos:115.2,Tstd:58.0,Bpos:138.4,Bstd:48.9,StrandBias:2.8,Multiplicity:3.10
0.838	0.110	0.001	0.051
0.015	0.032	0.034	0.919
0.032	0.595	0.240	0.133
0.224	0.086	0.656	0.034
0.914	0.017	0.017	0.052
0.965	0.017	0.017	0.001
0.034	0.052	0.017	0.897
0.103	0.098	0.684	0.115
0.084	0.049	0.815	0.052
0.997	0.001	0.001	0.001
0.809	0.140	0.017	0.034
0.034	0.001	0.051	0.914
>CCATTCGATGAT	6-CCATTCGATGAT	10.865231	-32.463596	0	T:12.0(2.57%),B:38.3(0.08%),P:1e-14	Tpos:86.7,Tstd:39.2,Bpos:111.8,Bstd:74.2,StrandBias:-0.7,Multiplicity:1.60
0.054	0.782	0.055	0.109
0.268	0.730	0.001	0.001
0.836	0.054	0.109	0.001
0.001	0.001	0.055	0.943
0.001	0.054	0.001	0.944
0.108	0.702	0.054	0.136
0.207	0.090	0.550	0.153
0.891	0.001	0.107	0.001
0.001	0.053	0.001	0.945
0.054	0.001	0.891	0.054
0.846	0.099	0.001	0.054
0.053	0.001	0.001	0.945
>YGAATGGAATCA	7-YGAATGGAATCA	11.657812	-31.484020	0	T:11.0(2.36%),B:30.4(0.06%),P:1e-13	Tpos:102.0,Tstd:54.1,Bpos:117.5,Bstd:63.7,StrandBias:2.3,Multiplicity:1.33
0.146	0.418	0.072	0.363
0.206	0.129	0.664	0.001
0.927	0.001	0.001	0.071
0.872	0.055	0.072	0.001
0.001	0.072	0.001	0.926
0.135	0.001	0.863	0.001
0.074	0.072	0.782	0.072
0.997	0.001	0.001	0.001
0.854	0.001	0.001	0.144
0.071	0.001	0.001	0.927
0.001	0.997	0.001	0.001
0.781	0.146	0.072	0.001
>CCAAGGGAGAGB	8-CCAAGGGAGAGB	11.859980	-24.900635	0	T:13.0(2.78%),B:93.5(0.19%),P:1e-10	Tpos:118.5,Tstd:65.5,Bpos:92.0,Bstd:62.3,StrandBias:0.7,Multiplicity:1.00
0.127	0.789	0.083	0.001
0.204	0.794	0.001	0.001
0.802	0.196	0.001	0.001
0.991	0.001	0.007	0.001
0.001	0.001	0.871	0.127
0.001	0.001	0.866	0.132
0.256	0.005	0.738	0.001
0.997	0.001	0.001	0.001
0.172	0.152	0.675	0.001
0.764	0.001	0.234	0.001
0.001	0.007	0.991	0.001
0.005	0.369	0.255	0.371
>AARCARGGCMAC	9-AARCARGGCMAC	9.004547	-24.306420	0	T:35.0(7.49%),B:943.5(1.96%),P:1e-10	Tpos:115.4,Tstd:50.7,Bpos:99.5,Bstd:58.8,StrandBias:-0.2,Multiplicity:1.00
0.598	0.001	0.398	0.003
0.674	0.001	0.324	0.001
0.367	0.001	0.425	0.208
0.253	0.631	0.115	0.001
0.895	0.001	0.001	0.103
0.501	0.001	0.425	0.073
0.001	0.001	0.782	0.216
0.105	0.001	0.893	0.001
0.176	0.822	0.001	0.001
0.495	0.503	0.001	0.001
0.886	0.112	0.001	0.001
0.115	0.780	0.104	0.001
>ATCACACTGCCT	10-ATCACACTGCCT	13.903764	-23.741066	0	T:7.0(1.50%),B:12.6(0.03%),P:1e-10	Tpos:92.9,Tstd:52.6,Bpos:118.9,Bstd:77.7,StrandBias:0.4,Multiplicity:1.00
0.786	0.212	0.001	0.001
0.001	0.001	0.001	0.997
0.212	0.575	0.212	0.001
0.997	0.001	0.001	0.001
0.001	0.997	0.001	0.001
0.997	0.001	0.001	0.001
0.001	0.997	0.001	0.001
0.148	0.001	0.001	0.850
0.001	0.001	0.997	0.001
0.001	0.997	0.001	0.001
0.001	0.997	0.001	0.001
0.001	0.001	0.001	0.997
>CCAGCCTGGGGC	11-CCAGCCTGGGGC	9.998764	-22.882448	0	T:24.0(5.14%),B:477.4(0.99%),P:1e-9	Tpos:100.7,Tstd:50.6,Bpos:104.5,Bstd:57.5,StrandBias:0.1,Multiplicity:1.04
0.118	0.731	0.125	0.026
0.034	0.831	0.034	0.101
0.870	0.001	0.033	0.096
0.027	0.051	0.862	0.060
0.025	0.898	0.076	0.001
0.102	0.896	0.001	0.001
0.061	0.012	0.001	0.926
0.001	0.033	0.862	0.104
0.089	0.001	0.835	0.075
0.053	0.101	0.756	0.090
0.068	0.110	0.796	0.026
0.080	0.744	0.053	0.123
>AAACAGAGCTGA	12-AAACAGAGCTGA	13.199726	-21.761476	0	T:9.0(1.93%),B:40.6(0.08%),P:1e-9	Tpos:116.1,Tstd:52.6,Bpos:93.9,Bstd:57.5,StrandBias:1.0,Multiplicity:1.00
0.997	0.001	0.001	0.001
0.781	0.086	0.001	0.132
0.887	0.001	0.111	0.001
0.001	0.997	0.001	0.001
0.997	0.001	0.001	0.001
0.001	0.001	0.997	0.001
0.997	0.001	0.001	0.001
0.001	0.001	0.997	0.001
0.080	0.918	0.001	0.001
0.131	0.001	0.001	0.867
0.001	0.131	0.867	0.001
0.787	0.100	0.001	0.112
>CYMCGTCATSSC	13-CYMCGTCATSSC	11.627817	-21.328982	0	T:6.0(1.28%),B:9.7(0.02%),P:1e-9	Tpos:94.5,Tstd:51.6,Bpos:149.7,Bstd:45.4,StrandBias:0.0,Multiplicity:1.00
0.012	0.964	0.010	0.014
0.001	0.548	0.001	0.450
0.530	0.462	0.001	0.007
0.001	0.989	0.001	0.009
0.001	0.096	0.901	0.002
0.001	0.011	0.001	0.987
0.011	0.987	0.001	0.001
0.987	0.001	0.011	0.001
0.001	0.008	0.007	0.984
0.001	0.528	0.462	0.009
0.008	0.518	0.462	0.012
0.008	0.972	0.001	0.019
>AGGCCACCCAAG	14-AGGCCACCCAAG	14.145748	-21.098721	0	T:5.0(1.07%),B:4.1(0.01%),P:1e-9	Tpos:116.7,Tstd:36.4,Bpos:105.0,Bstd:47.6,StrandBias:2.3,Multiplicity:1.20
0.997	0.001	0.001	0.001
0.001	0.177	0.821	0.001
0.001	0.001	0.997	0.001
0.001	0.821	0.177	0.001
0.001	0.997	0.001	0.001
0.997	0.001	0.001	0.001
0.001	0.997	0.001	0.001
0.177	0.821	0.001	0.001
0.001	0.997	0.001	0.001
0.997	0.001	0.001	0.001
0.712	0.001	0.109	0.178
0.001	0.001	0.997	0.001
>TCATACGGGAAG	15-TCATACGGGAAG	14.166999	-19.087337	0	T:5.0(1.07%),B:6.0(0.01%),P:1e-8	Tpos:138.2,Tstd:43.4,Bpos:56.8,Bstd:45.8,StrandBias:0.6,Multiplicity:1.00
0.174	0.001	0.001	0.824
0.001	0.997	0.001	0.001
0.793	0.001	0.001	0.205
0.001	0.001	0.001	0.997
0.997	0.001	0.001	0.001
0.001	0.793	0.205	0.001
0.001	0.001	0.793	0.205
0.001	0.001	0.997	0.001
0.001	0.001	0.997	0.001
0.997	0.001	0.001	0.001
0.997	0.001	0.001	0.001
0.001	0.001	0.997	0.001
>GGCTCGCCTGCC	16-GGCTCGCCTGCC	9.923669	-17.370957	0	T:4.0(0.86%),B:4.0(0.01%),P:1e-7	Tpos:76.3,Tstd:61.3,Bpos:89.7,Bstd:33.6,StrandBias:0.0,Multiplicity:1.00
0.001	0.001	0.997	0.001
0.001	0.001	0.997	0.001
0.001	0.997	0.001	0.001
0.001	0.001	0.178	0.820
0.001	0.997	0.001	0.001
0.001	0.001	0.997	0.001
0.001	0.997	0.001	0.001
0.001	0.997	0.001	0.001
0.001	0.059	0.119	0.821
0.001	0.001	0.997	0.001
0.001	0.939	0.001	0.059
0.001	0.997	0.001	0.001
>TCTTATAAGCCR	17-TCTTATAAGCCR	11.528839	-16.743435	0	T:8.0(1.71%),B:51.1(0.11%),P:1e-7	Tpos:117.4,Tstd:47.6,Bpos:96.4,Bstd:54.0,StrandBias:1.2,Multiplicity:1.25
0.001	0.001	0.001	0.997
0.001	0.997	0.001	0.001
0.001	0.001	0.001	0.997
0.001	0.001	0.001	0.997
0.517	0.321	0.001	0.161
0.001	0.332	0.001	0.666
0.838	0.160	0.001	0.001
0.838	0.001	0.001	0.160
0.001	0.001	0.997	0.001
0.001	0.838	0.001	0.160
0.001	0.987	0.001	0.011
0.482	0.161	0.356	0.001
>GCCTCAGTTCAC	18-GCCTCAGTTCAC	14.032762	-15.718995	0	T:3.0(0.64%),B:1.9(0.00%),P:1e-6	Tpos:116.2,Tstd:57.8,Bpos:144.0,Bstd:23.0,StrandBias:10.0,Multiplicity:2.00
0.001	0.001	0.832	0.166
0.001	0.997	0.001	0.001
0.001	0.997	0.001	0.001
0.001	0.357	0.001	0.641
0.001	0.997	0.001	0.001
0.997	0.001	0.001	0.001
0.001	0.001	0.857	0.141
0.001	0.166	0.001	0.832
0.001	0.001	0.001	0.997
0.001	0.997	0.001	0.001
0.997	0.001	0.001	0.001
0.001	0.997	0.001	0.001
>AGGATCTGGGTC	19-AGGATCTGGGTC	8.125427	-14.419645	0	T:29.0(6.21%),B:1036.7(2.15%),P:1e-6	Tpos:113.5,Tstd:44.9,Bpos:99.4,Bstd:59.5,StrandBias:1.0,Multiplicity:1.27
0.864	0.001	0.001	0.134
0.001	0.072	0.926	0.001
0.001	0.072	0.926	0.001
0.997	0.001	0.001	0.001
0.208	0.004	0.135	0.653
0.001	0.797	0.129	0.073
0.001	0.001	0.001	0.997
0.073	0.001	0.853	0.073
0.135	0.001	0.791	0.073
0.073	0.073	0.635	0.219
0.146	0.001	0.146	0.707
0.073	0.871	0.055	0.001
>CTGACCACACCA	20-CTGACCACACCA	9.017791	-13.685574	0	T:12.0(2.57%),B:205.1(0.43%),P:1e-5	Tpos:103.9,Tstd:57.7,Bpos:99.3,Bstd:59.0,StrandBias:1.0,Multiplicity:1.42
0.001	0.997	0.001	0.001
0.071	0.001	0.001	0.927
0.001	0.001	0.997	0.001
0.926	0.072	0.001	0.001
0.001	0.997	0.001	0.001
0.001	0.997	0.001	0.001
0.742	0.001	0.001	0.256
0.001	0.663	0.335	0.001
0.657	0.335	0.007	0.001
0.001	0.997	0.001	0.001
0.063	0.935	0.001	0.001
0.942	0.001	0.056	0.001
>TTCTATTCCTGC	21-TTCTATTCCTGC	14.711063	-12.437569	0	T:3.0(0.64%),B:3.1(0.01%),P:1e-5	Tpos:100.5,Tstd:61.6,Bpos:82.9,Bstd:31.3,StrandBias:10.0,Multiplicity:2.00
0.001	0.001	0.001	0.997
0.001	0.001	0.001	0.997
0.001	0.997	0.001	0.001
0.001	0.001	0.001	0.997
0.997	0.001	0.001	0.001
0.185	0.001	0.001	0.813
0.001	0.001	0.001	0.997
0.001	0.997	0.001	0.001
0.001	0.997	0.001	0.001
0.185	0.001	0.001	0.813
0.001	0.001	0.997	0.001
0.001	0.997	0.001	0.001
>ATCTTTATCTAG	22-ATCTTTATCTAG	12.775780	-12.437569	0	T:3.0(0.64%),B:3.8(0.01%),P:1e-5	Tpos:113.8,Tstd:73.7,Bpos:106.2,Bstd:13.2,StrandBias:1.6,Multiplicity:1.33
0.997	0.001	0.001	0.001
0.001	0.001	0.001	0.997
0.001	0.997	0.001	0.001
0.001	0.001	0.001	0.997
0.001	0.001	0.001	0.997
0.001	0.001	0.001	0.997
0.997	0.001	0.001	0.001
0.001	0.001	0.001	0.997
0.001	0.997	0.001	0.001
0.001	0.001	0.001	0.997
0.820	0.001	0.001	0.178
0.001	0.056	0.821	0.122
>CACAGCTGGAGC	23-CACAGCTGGAGC	12.355432	-10.919490	0	T:3.0(0.64%),B:5.4(0.01%),P:1e-4	Tpos:67.4,Tstd:39.4,Bpos:138.9,Bstd:33.1,StrandBias:-2.0,Multiplicity:1.67
0.100	0.700	0.100	0.100
0.700	0.100	0.100	0.100
0.100	0.700	0.100	0.100
0.700	0.100	0.100	0.100
0.100	0.100	0.700	0.100
0.100	0.700	0.100	0.100
0.100	0.100	0.100	0.700
0.100	0.100	0.700	0.100
0.100	0.100	0.700	0.100
0.700	0.100	0.100	0.100
0.100	0.100	0.700	0.100
0.100	0.700	0.100	0.100
>CGTCGTGTGGCG	24-CGTCGTGTGGCG	12.355432	-9.977439	0	T:2.0(0.43%),B:0.0(0.00%),P:1e-4	Tpos:118.0,Tstd:71.0,Bpos:0.0,Bstd:0.0,StrandBias:10.0,Multiplicity:1.00
0.100	0.700	0.100	0.100
0.100	0.100	0.700	0.100
0.100	0.100	0.100	0.700
0.100	0.700	0.100	0.100
0.100	0.100	0.700	0.100
0.100	0.100	0.100	0.700
0.100	0.100	0.700	0.100
0.100	0.100	0.100	0.700
0.100	0.100	0.700	0.100
0.100	0.100	0.700	0.100
0.100	0.700	0.100	0.100
0.100	0.100	0.700	0.100
>NNNNNNNNNNNN	25-NNNNNNNNNNNN	-nan	0.000000	0	T:0.0(0.00%),B:0.0(0.00%),P:1e0	Tpos:0.0,Tstd:0.0,Bpos:0.0,Bstd:0.0,StrandBias:0.0,Multiplicity:1.00
-nan	-nan	-nan	-nan
-nan	-nan	-nan	-nan
-nan	-nan	-nan	-nan
-nan	-nan	-nan	-nan
-nan	-nan	-nan	-nan
-nan	-nan	-nan	-nan
-nan	-nan	-nan	-nan
-nan	-nan	-nan	-nan
-nan	-nan	-nan	-nan
-nan	-nan	-nan	-nan
-nan	-nan	-nan	-nan
-nan	-nan	-nan	-nan
