>GNATGASTCA	1-GNATGASTCA	6.494387	-342.557428	0	T:245.0(52.46%),B:3455.6(7.16%),P:1e-148	Tpos:97.9,Tstd:54.9,Bpos:101.0,Bstd:69.5,StrandBias:-0.0,Multiplicity:1.22
0.228	0.195	0.389	0.187
0.267	0.232	0.235	0.266
0.429	0.252	0.242	0.076
0.027	0.010	0.008	0.955
0.007	0.043	0.855	0.095
0.914	0.006	0.053	0.027
0.072	0.427	0.408	0.092
0.027	0.036	0.012	0.925
0.070	0.900	0.013	0.017
0.943	0.005	0.010	0.042
>NTGAGTCACW	2-NTGAGTCACW	6.518108	-113.630699	0	T:71.0(15.20%),B:664.7(1.38%),P:1e-49	Tpos:112.2,Tstd:68.2,Bpos:92.4,Bstd:65.1,StrandBias:1.6,Multiplicity:1.00
0.213	0.232	0.250	0.305
0.115	0.073	0.140	0.672
0.065	0.205	0.528	0.202
0.564	0.022	0.196	0.218
0.065	0.079	0.707	0.149
0.178	0.090	0.185	0.547
0.092	0.558	0.268	0.082
0.560	0.222	0.028	0.190
0.180	0.621	0.079	0.120
0.249	0.230	0.135	0.386
>CTTAGTCAKC	3-CTTAGTCAKC	8.003710	-62.093352	0	T:71.0(15.20%),B:1516.0(3.14%),P:1e-26	Tpos:102.8,Tstd:50.2,Bpos:99.5,Bstd:63.6,StrandBias:1.3,Multiplicity:1.00
0.172	0.531	0.296	0.001
0.082	0.331	0.001	0.586
0.083	0.001	0.283	0.633
0.431	0.274	0.108	0.187
0.001	0.001	0.997	0.001
0.001	0.001	0.001	0.997
0.001	0.997	0.001	0.001
0.997	0.001	0.001	0.001
0.001	0.160	0.415	0.423
0.001	0.734	0.001	0.264
>TGAGTCACTT	4-TGAGTCACTT	7.361378	-61.388175	0	T:93.0(19.91%),B:2624.2(5.44%),P:1e-26	Tpos:98.4,Tstd:57.0,Bpos:100.3,Bstd:65.0,StrandBias:-0.8,Multiplicity:1.11
0.137	0.047	0.028	0.788
0.001	0.079	0.919	0.001
0.680	0.001	0.086	0.233
0.001	0.042	0.814	0.143
0.001	0.023	0.078	0.898
0.161	0.789	0.049	0.001
0.807	0.134	0.001	0.058
0.117	0.602	0.191	0.090
0.063	0.140	0.001	0.796
0.033	0.001	0.062	0.904
>TTACTCATWR	5-TTACTCATWR	9.167099	-57.090537	0	T:37.0(7.92%),B:367.6(0.76%),P:1e-24	Tpos:109.2,Tstd:52.9,Bpos:103.4,Bstd:59.8,StrandBias:-0.2,Multiplicity:1.11
0.001	0.001	0.162	0.836
0.001	0.001	0.001	0.997
0.855	0.001	0.055	0.089
0.144	0.692	0.163	0.001
0.001	0.089	0.001	0.909
0.001	0.997	0.001	0.001
0.941	0.057	0.001	0.001
0.001	0.230	0.001	0.768
0.447	0.094	0.001	0.458
0.407	0.091	0.304	0.197
>TGACCTTTTA	6-TGACCTTTTA	7.753434	-42.262174	0	T:55.0(11.78%),B:1334.7(2.77%),P:1e-18	Tpos:103.2,Tstd:54.5,Bpos:99.4,Bstd:61.2,StrandBias:-0.1,Multiplicity:1.04
0.072	0.055	0.034	0.839
0.125	0.014	0.851	0.010
0.764	0.084	0.131	0.021
0.037	0.863	0.034	0.066
0.089	0.833	0.001	0.077
0.023	0.046	0.015	0.916
0.076	0.066	0.036	0.822
0.060	0.097	0.025	0.818
0.159	0.081	0.074	0.686
0.613	0.167	0.134	0.086
>ATCGAWTSGA	7-ATCGAWTSGA	7.903906	-41.043724	0	T:7.0(1.50%),B:1.2(0.00%),P:1e-17	Tpos:126.0,Tstd:49.9,Bpos:130.9,Bstd:59.4,StrandBias:3.6,Multiplicity:1.86
0.461	0.155	0.172	0.212
0.052	0.132	0.131	0.685
0.156	0.617	0.149	0.078
0.059	0.220	0.642	0.079
0.611	0.173	0.085	0.131
0.385	0.223	0.109	0.282
0.049	0.109	0.139	0.703
0.102	0.418	0.401	0.079
0.152	0.213	0.534	0.101
0.583	0.141	0.063	0.213
>TTATTTRCTT	8-TTATTTRCTT	8.535842	-39.205152	0	T:58.0(12.42%),B:1584.2(3.28%),P:1e-17	Tpos:90.3,Tstd:50.6,Bpos:100.0,Bstd:58.6,StrandBias:0.2,Multiplicity:1.07
0.047	0.373	0.001	0.579
0.001	0.001	0.001	0.997
0.649	0.001	0.349	0.001
0.001	0.001	0.001	0.997
0.001	0.001	0.314	0.684
0.001	0.001	0.001	0.997
0.481	0.001	0.517	0.001
0.001	0.670	0.001	0.328
0.001	0.117	0.001	0.881
0.001	0.213	0.001	0.785
>ATGACTAAGC	9-ATGACTAAGC	9.676187	-37.052174	0	T:19.0(4.07%),B:126.1(0.26%),P:1e-16	Tpos:80.6,Tstd:53.7,Bpos:104.3,Bstd:61.7,StrandBias:2.8,Multiplicity:1.00
0.997	0.001	0.001	0.001
0.001	0.001	0.001	0.997
0.099	0.090	0.810	0.001
0.828	0.170	0.001	0.001
0.011	0.799	0.070	0.120
0.024	0.010	0.243	0.723
0.925	0.072	0.002	0.001
0.699	0.170	0.001	0.130
0.001	0.001	0.997	0.001
0.111	0.887	0.001	0.001
>ARCAAACAVA	10-ARCAAACAVA	8.058509	-32.984967	0	T:52.0(11.13%),B:1501.3(3.11%),P:1e-14	Tpos:110.1,Tstd:57.0,Bpos:94.5,Bstd:58.5,StrandBias:-0.1,Multiplicity:1.04
0.775	0.001	0.047	0.177
0.393	0.225	0.327	0.056
0.065	0.917	0.004	0.014
0.855	0.143	0.001	0.001
0.888	0.033	0.001	0.078
0.757	0.025	0.217	0.001
0.001	0.801	0.142	0.056
0.858	0.096	0.001	0.045
0.399	0.263	0.260	0.078
0.612	0.042	0.053	0.293
>CGATGATTCC	11-CGATGATTCC	10.814515	-32.445822	0	T:14.0(3.00%),B:65.7(0.14%),P:1e-14	Tpos:77.4,Tstd:63.1,Bpos:92.0,Bstd:53.2,StrandBias:-0.8,Multiplicity:1.22
0.071	0.596	0.081	0.252
0.001	0.001	0.997	0.001
0.997	0.001	0.001	0.001
0.001	0.001	0.001	0.997
0.001	0.001	0.997	0.001
0.826	0.001	0.172	0.001
0.001	0.001	0.001	0.997
0.001	0.001	0.001	0.997
0.001	0.826	0.001	0.172
0.001	0.997	0.001	0.001
>CTGAGTCASA	12-CTGAGTCASA	6.452477	-28.752847	0	T:151.0(32.33%),B:8858.6(18.36%),P:1e-12	Tpos:100.9,Tstd:55.6,Bpos:100.1,Bstd:64.5,StrandBias:0.0,Multiplicity:1.16
0.001	0.997	0.001	0.001
0.350	0.014	0.101	0.535
0.346	0.033	0.547	0.074
0.599	0.062	0.193	0.146
0.001	0.196	0.727	0.076
0.001	0.221	0.235	0.543
0.093	0.648	0.188	0.071
0.997	0.001	0.001	0.001
0.001	0.418	0.377	0.204
0.997	0.001	0.001	0.001
>AATGGAATCA	13-AATGGAATCA	10.585026	-28.393493	0	T:13.0(2.78%),B:70.3(0.15%),P:1e-12	Tpos:84.0,Tstd:50.1,Bpos:121.4,Bstd:60.2,StrandBias:1.5,Multiplicity:1.50
0.922	0.031	0.001	0.046
0.944	0.027	0.028	0.001
0.047	0.001	0.024	0.928
0.141	0.001	0.803	0.055
0.001	0.033	0.814	0.152
0.997	0.001	0.001	0.001
0.962	0.001	0.001	0.036
0.001	0.001	0.001	0.997
0.028	0.970	0.001	0.001
0.880	0.042	0.077	0.001
>ACACTGCGCS	14-ACACTGCGCS	5.859852	-24.137344	0	T:50.0(10.71%),B:1782.2(3.69%),P:1e-10	Tpos:97.0,Tstd:49.2,Bpos:96.8,Bstd:60.7,StrandBias:0.2,Multiplicity:1.12
0.997	0.001	0.001	0.001
0.149	0.849	0.001	0.001
0.723	0.001	0.275	0.001
0.001	0.854	0.144	0.001
0.291	0.145	0.001	0.563
0.001	0.029	0.964	0.006
0.001	0.997	0.001	0.001
0.001	0.130	0.868	0.001
0.006	0.873	0.001	0.120
0.001	0.302	0.432	0.265
>CACCACAYAG	15-CACCACAYAG	9.059322	-24.075884	0	T:20.0(4.28%),B:300.4(0.62%),P:1e-10	Tpos:84.5,Tstd:61.6,Bpos:103.5,Bstd:61.1,StrandBias:-0.6,Multiplicity:1.05
0.048	0.619	0.042	0.291
0.890	0.059	0.007	0.044
0.200	0.661	0.138	0.001
0.001	0.929	0.001	0.069
0.838	0.001	0.005	0.156
0.003	0.752	0.184	0.061
0.997	0.001	0.001	0.001
0.129	0.283	0.165	0.423
0.629	0.001	0.042	0.328
0.083	0.145	0.669	0.103
>TCATCGAATG	16-TCATCGAATG	10.347601	-23.344383	0	T:12.0(2.57%),B:84.2(0.17%),P:1e-10	Tpos:108.1,Tstd:55.3,Bpos:99.5,Bstd:71.5,StrandBias:1.7,Multiplicity:1.55
0.001	0.001	0.001	0.997
0.001	0.997	0.001	0.001
0.997	0.001	0.001	0.001
0.067	0.001	0.001	0.931
0.045	0.889	0.001	0.065
0.165	0.001	0.800	0.034
0.910	0.001	0.001	0.088
0.910	0.001	0.001	0.088
0.088	0.088	0.001	0.823
0.001	0.001	0.924	0.074
>TCTCCCTTGG	17-TCTCCCTTGG	9.882139	-22.714784	0	T:23.0(4.93%),B:440.5(0.91%),P:1e-9	Tpos:101.7,Tstd:59.9,Bpos:96.6,Bstd:54.6,StrandBias:-0.8,Multiplicity:1.00
0.001	0.114	0.056	0.829
0.001	0.734	0.076	0.189
0.053	0.062	0.001	0.884
0.001	0.951	0.047	0.001
0.001	0.997	0.001	0.001
0.001	0.809	0.001	0.189
0.001	0.039	0.001	0.959
0.070	0.001	0.001	0.928
0.001	0.001	0.997	0.001
0.001	0.001	0.947	0.051
>GGCACAAATA	18-GGCACAAATA	9.985189	-21.522120	0	T:17.0(3.64%),B:241.1(0.50%),P:1e-9	Tpos:116.6,Tstd:48.8,Bpos:94.2,Bstd:55.8,StrandBias:0.4,Multiplicity:1.00
0.075	0.001	0.875	0.049
0.067	0.001	0.931	0.001
0.001	0.924	0.074	0.001
0.924	0.001	0.001	0.074
0.061	0.846	0.001	0.092
0.873	0.001	0.001	0.125
0.935	0.001	0.063	0.001
0.936	0.001	0.001	0.062
0.001	0.001	0.053	0.945
0.870	0.001	0.045	0.084
>GGGGCCAGTC	19-GGGGCCAGTC	9.681999	-20.454015	0	T:22.0(4.71%),B:453.1(0.94%),P:1e-8	Tpos:95.9,Tstd:61.7,Bpos:100.1,Bstd:60.3,StrandBias:-0.4,Multiplicity:1.05
0.051	0.001	0.888	0.060
0.053	0.001	0.894	0.052
0.128	0.001	0.870	0.001
0.074	0.001	0.854	0.071
0.122	0.762	0.055	0.061
0.001	0.997	0.001	0.001
0.997	0.001	0.001	0.001
0.001	0.001	0.997	0.001
0.054	0.042	0.001	0.903
0.001	0.883	0.038	0.078
>TCGAATGGAA	20-TCGAATGGAA	8.474323	-18.555774	0	T:16.0(3.43%),B:258.5(0.54%),P:1e-8	Tpos:95.2,Tstd:58.1,Bpos:97.8,Bstd:59.6,StrandBias:2.6,Multiplicity:3.62
0.036	0.100	0.063	0.801
0.015	0.664	0.217	0.104
0.053	0.035	0.836	0.076
0.831	0.071	0.027	0.071
0.963	0.001	0.001	0.035
0.036	0.107	0.027	0.830
0.093	0.131	0.665	0.111
0.063	0.038	0.758	0.141
0.947	0.001	0.051	0.001
0.709	0.245	0.001	0.045
>CTGTGTACAC	21-CTGTGTACAC	7.524671	-17.080458	0	T:32.0(6.85%),B:1078.8(2.24%),P:1e-7	Tpos:88.7,Tstd:46.8,Bpos:100.5,Bstd:64.0,StrandBias:0.0,Multiplicity:1.06
0.057	0.807	0.063	0.073
0.095	0.001	0.045	0.859
0.130	0.086	0.710	0.074
0.026	0.028	0.081	0.865
0.127	0.031	0.823	0.019
0.085	0.074	0.009	0.832
0.790	0.081	0.062	0.067
0.099	0.643	0.010	0.248
0.891	0.051	0.001	0.057
0.087	0.790	0.052	0.071
>AGGGAGAGGC	22-AGGGAGAGGC	10.722880	-16.213574	0	T:18.0(3.85%),B:391.7(0.81%),P:1e-7	Tpos:124.9,Tstd:50.4,Bpos:99.9,Bstd:52.1,StrandBias:-0.7,Multiplicity:1.24
0.997	0.001	0.001	0.001
0.001	0.001	0.997	0.001
0.001	0.109	0.889	0.001
0.001	0.075	0.923	0.001
0.997	0.001	0.001	0.001
0.001	0.001	0.997	0.001
0.736	0.001	0.200	0.063
0.001	0.001	0.997	0.001
0.001	0.001	0.997	0.001
0.001	0.898	0.100	0.001
>CGTGTGGCGT	23-CGTGTGGCGT	12.683889	-15.718995	0	T:3.0(0.64%),B:1.7(0.00%),P:1e-6	Tpos:96.0,Tstd:61.2,Bpos:50.6,Bstd:28.4,StrandBias:1.6,Multiplicity:1.33
0.001	0.997	0.001	0.001
0.001	0.001	0.997	0.001
0.001	0.001	0.001	0.997
0.001	0.316	0.682	0.001
0.001	0.001	0.001	0.997
0.001	0.001	0.997	0.001
0.001	0.001	0.997	0.001
0.001	0.997	0.001	0.001
0.001	0.001	0.997	0.001
0.001	0.001	0.001	0.997
>TCAACGCAGT	24-TCAACGCAGT	7.161053	-13.015963	0	T:35.0(7.49%),B:1497.2(3.10%),P:1e-5	Tpos:101.0,Tstd:58.3,Bpos:100.2,Bstd:62.8,StrandBias:0.4,Multiplicity:1.00
0.046	0.056	0.001	0.897
0.079	0.919	0.001	0.001
0.773	0.081	0.071	0.075
0.820	0.029	0.106	0.045
0.115	0.589	0.128	0.168
0.001	0.001	0.984	0.014
0.051	0.743	0.065	0.141
0.864	0.001	0.001	0.134
0.096	0.029	0.798	0.077
0.002	0.202	0.202	0.594
>CCACACCGCC	25-CCACACCGCC	11.730176	-8.928083	0	T:5.0(1.07%),B:49.2(0.10%),P:1e-3	Tpos:124.9,Tstd:62.2,Bpos:109.9,Bstd:42.4,StrandBias:3.0,Multiplicity:1.80
0.001	0.997	0.001	0.001
0.001	0.997	0.001	0.001
0.997	0.001	0.001	0.001
0.001	0.997	0.001	0.001
0.854	0.144	0.001	0.001
0.001	0.997	0.001	0.001
0.001	0.997	0.001	0.001
0.001	0.001	0.997	0.001
0.155	0.843	0.001	0.001
0.001	0.997	0.001	0.001
