>ATGACTCA	1-ATGACTCA	6.065443	-355.853112	0	T:264.0(56.53%),B:4043.7(8.38%),P:1e-154	Tpos:100.3,Tstd:54.8,Bpos:100.9,Bstd:69.8,StrandBias:-0.1,Multiplicity:1.28
0.587	0.122	0.260	0.031
0.001	0.001	0.001	0.997
0.001	0.001	0.972	0.026
0.997	0.001	0.001	0.001
0.092	0.643	0.174	0.091
0.001	0.001	0.001	0.997
0.067	0.931	0.001	0.001
0.997	0.001	0.001	0.001
>ATGACSCA	2-ATGACSCA	6.442732	-119.658419	0	T:174.0(37.26%),B:5055.9(10.48%),P:1e-51	Tpos:105.7,Tstd:58.5,Bpos:100.5,Bstd:63.2,StrandBias:0.1,Multiplicity:1.06
0.540	0.352	0.107	0.001
0.034	0.062	0.001	0.903
0.001	0.001	0.997	0.001
0.997	0.001	0.001	0.001
0.001	0.997	0.001	0.001
0.001	0.325	0.422	0.252
0.350	0.648	0.001	0.001
0.586	0.125	0.206	0.083
>AAAGGTCA	3-AAAGGTCA	6.757499	-43.619576	0	T:84.0(17.99%),B:2850.4(5.91%),P:1e-18	Tpos:98.1,Tstd:54.8,Bpos:101.0,Bstd:61.3,StrandBias:0.2,Multiplicity:1.08
0.997	0.001	0.001	0.001
0.896	0.001	0.001	0.102
0.997	0.001	0.001	0.001
0.001	0.001	0.863	0.135
0.001	0.001	0.997	0.001
0.001	0.096	0.127	0.776
0.001	0.920	0.001	0.078
0.905	0.001	0.024	0.070
>TGTTTGCT	4-TGTTTGCT	6.998861	-41.639585	0	T:101.0(21.63%),B:4024.3(8.34%),P:1e-18	Tpos:101.1,Tstd:53.0,Bpos:98.6,Bstd:60.7,StrandBias:0.1,Multiplicity:1.16
0.023	0.001	0.018	0.958
0.112	0.001	0.886	0.001
0.012	0.021	0.001	0.966
0.001	0.001	0.001	0.997
0.001	0.001	0.031	0.967
0.236	0.001	0.685	0.078
0.001	0.750	0.028	0.221
0.053	0.001	0.001	0.945
>ATCGAATG	5-ATCGAATG	10.627813	-30.791399	0	T:11.0(2.36%),B:32.9(0.07%),P:1e-13	Tpos:113.1,Tstd:45.8,Bpos:103.6,Bstd:52.5,StrandBias:1.2,Multiplicity:1.25
0.997	0.001	0.001	0.001
0.001	0.001	0.001	0.997
0.001	0.722	0.001	0.276
0.001	0.001	0.997	0.001
0.997	0.001	0.001	0.001
0.997	0.001	0.001	0.001
0.001	0.110	0.001	0.888
0.001	0.001	0.997	0.001
>CCCAAGGG	6-CCCAAGGG	6.509930	-29.743692	0	T:109.0(23.34%),B:5427.5(11.25%),P:1e-12	Tpos:93.6,Tstd:54.8,Bpos:99.4,Bstd:59.1,StrandBias:-0.1,Multiplicity:1.08
0.100	0.720	0.112	0.068
0.091	0.883	0.025	0.001
0.001	0.997	0.001	0.001
0.890	0.082	0.001	0.027
0.773	0.001	0.028	0.198
0.001	0.024	0.971	0.004
0.049	0.001	0.949	0.001
0.001	0.097	0.901	0.001
>ATGATTCC	7-ATGATTCC	11.032658	-19.791129	0	T:17.0(3.64%),B:271.0(0.56%),P:1e-8	Tpos:95.6,Tstd:62.5,Bpos:93.5,Bstd:63.2,StrandBias:-2.0,Multiplicity:2.35
0.997	0.001	0.001	0.001
0.001	0.034	0.001	0.964
0.001	0.001	0.997	0.001
0.997	0.001	0.001	0.001
0.001	0.001	0.001	0.997
0.001	0.001	0.001	0.997
0.001	0.997	0.001	0.001
0.001	0.997	0.001	0.001
>GAATCGAA	8-GAATCGAA	8.923711	-16.571870	0	T:10.0(2.14%),B:98.1(0.20%),P:1e-7	Tpos:91.1,Tstd:68.0,Bpos:90.4,Bstd:54.1,StrandBias:10.0,Multiplicity:1.50
0.001	0.028	0.970	0.001
0.961	0.001	0.037	0.001
0.699	0.247	0.025	0.029
0.001	0.001	0.001	0.997
0.035	0.641	0.206	0.118
0.104	0.025	0.870	0.001
0.942	0.021	0.001	0.036
0.950	0.001	0.016	0.033
>GTGTGGTC	9-GTGTGGTC	7.329072	-12.134505	0	T:44.0(9.42%),B:2188.7(4.54%),P:1e-5	Tpos:105.9,Tstd:56.1,Bpos:100.5,Bstd:61.5,StrandBias:0.1,Multiplicity:1.24
0.001	0.001	0.997	0.001
0.001	0.001	0.235	0.763
0.044	0.055	0.900	0.001
0.001	0.212	0.001	0.786
0.001	0.069	0.929	0.001
0.001	0.023	0.975	0.001
0.001	0.001	0.109	0.889
0.001	0.646	0.352	0.001
>AATGGAAT	10-AATGGAAT	8.478206	-11.531850	0	T:35.0(7.49%),B:1605.2(3.33%),P:1e-5	Tpos:99.9,Tstd:52.6,Bpos:100.8,Bstd:61.4,StrandBias:1.2,Multiplicity:1.63
0.997	0.001	0.001	0.001
0.867	0.131	0.001	0.001
0.001	0.001	0.001	0.997
0.001	0.001	0.854	0.144
0.001	0.118	0.880	0.001
0.997	0.001	0.001	0.001
0.850	0.001	0.001	0.148
0.001	0.001	0.001	0.997
>AATAGAAT	11-AATAGAAT	7.901884	-10.610294	0	T:17.0(3.64%),B:532.0(1.10%),P:1e-4	Tpos:91.9,Tstd:55.0,Bpos:101.2,Bstd:60.0,StrandBias:1.4,Multiplicity:1.71
0.933	0.065	0.001	0.001
0.997	0.001	0.001	0.001
0.001	0.001	0.001	0.997
0.920	0.045	0.001	0.034
0.001	0.001	0.997	0.001
0.997	0.001	0.001	0.001
0.997	0.001	0.001	0.001
0.001	0.001	0.001	0.997
