>GCCCCAGGCTGG	11-CCAGCCTGGGGC	9.998764	-22.882448	0	T:24.0(5.14%),B:477.4(0.99%),P:1e-9
0.123	0.053	0.744	0.080
0.026	0.796	0.110	0.068
0.090	0.756	0.101	0.053
0.075	0.835	0.001	0.089
0.104	0.862	0.033	0.001
0.926	0.001	0.012	0.061
0.001	0.001	0.896	0.102
0.001	0.076	0.898	0.025
0.060	0.862	0.051	0.027
0.096	0.033	0.001	0.870
0.101	0.034	0.831	0.034
0.026	0.125	0.731	0.118
