>GTKGCCYTGYTT	9-AARCARGGCMAC	9.004547	-24.306420	0	T:35.0(7.49%),B:943.5(1.96%),P:1e-10
0.001	0.104	0.780	0.115
0.001	0.001	0.112	0.886
0.001	0.001	0.503	0.495
0.001	0.001	0.822	0.176
0.001	0.893	0.001	0.105
0.216	0.782	0.001	0.001
0.073	0.425	0.001	0.501
0.103	0.001	0.001	0.895
0.001	0.115	0.631	0.253
0.208	0.425	0.001	0.367
0.001	0.324	0.001	0.674
0.003	0.398	0.001	0.598
