>TAAACAAACAGA	4-TAAACAAACAGA	6.827786	-40.673988	0	T:127.0(27.19%),B:5900.1(12.23%),P:1e-17
0.173	0.105	0.197	0.525
0.603	0.001	0.231	0.165
0.889	0.085	0.001	0.025
0.546	0.094	0.359	0.001
0.001	0.638	0.001	0.360
0.825	0.173	0.001	0.001
0.709	0.151	0.094	0.046
0.769	0.106	0.075	0.050
0.101	0.459	0.252	0.188
0.974	0.001	0.001	0.024
0.177	0.221	0.533	0.069
0.713	0.108	0.001	0.178
