>CCAGCCTGGGGC	11-CCAGCCTGGGGC,BestGuess:TFAP2A/MA0003.3/Jaspar(0.764)	9.998764	-22.882448	0	T:24.0(5.14%),B:477.4(0.99%),P:1e-9
0.118	0.731	0.125	0.026
0.034	0.831	0.034	0.101
0.870	0.001	0.033	0.096
0.027	0.051	0.862	0.060
0.025	0.898	0.076	0.001
0.102	0.896	0.001	0.001
0.061	0.012	0.001	0.926
0.001	0.033	0.862	0.104
0.089	0.001	0.835	0.075
0.053	0.101	0.756	0.090
0.068	0.110	0.796	0.026
0.080	0.744	0.053	0.123
