>ATCATCGAATGG	6-CCATTCGATGAT	10.865231	-32.463596	0	T:12.0(2.57%),B:38.3(0.08%),P:1e-14
0.945	0.001	0.001	0.053
0.054	0.001	0.099	0.846
0.054	0.891	0.001	0.054
0.945	0.001	0.053	0.001
0.001	0.107	0.001	0.891
0.153	0.550	0.090	0.207
0.136	0.054	0.702	0.108
0.944	0.001	0.054	0.001
0.943	0.055	0.001	0.001
0.001	0.109	0.054	0.836
0.001	0.001	0.730	0.268
0.109	0.055	0.782	0.054
