>CCATTCGATGAT	6-CCATTCGATGAT,BestGuess:PB0005.1_Bbx_1/Jaspar(0.631)	10.865231	-32.463596	0	T:12.0(2.57%),B:38.3(0.08%),P:1e-14
0.054	0.782	0.055	0.109
0.268	0.730	0.001	0.001
0.836	0.054	0.109	0.001
0.001	0.001	0.055	0.943
0.001	0.054	0.001	0.944
0.108	0.702	0.054	0.136
0.207	0.090	0.550	0.153
0.891	0.001	0.107	0.001
0.001	0.053	0.001	0.945
0.054	0.001	0.891	0.054
0.846	0.099	0.001	0.054
0.053	0.001	0.001	0.945
