>GTAAACAA	1-GTAAACAA	8.727664	-40.932944	0	T:26.0(14.21%),B:659.1(1.39%),P:1e-17	Tpos:96.1,Tstd:50.4,Bpos:96.4,Bstd:65.8,StrandBias:0.8,Multiplicity:1.08
0.001	0.001	0.997	0.001
0.001	0.213	0.045	0.741
0.894	0.104	0.001	0.001
0.997	0.001	0.001	0.001
0.997	0.001	0.001	0.001
0.001	0.997	0.001	0.001
0.997	0.001	0.001	0.001
0.502	0.226	0.246	0.026
>BVTGCCAG	2-BVTGCCAG	7.538395	-29.740860	0	T:80.0(43.72%),B:9307.1(19.66%),P:1e-12	Tpos:95.4,Tstd:57.3,Bpos:100.4,Bstd:74.4,StrandBias:-0.2,Multiplicity:1.46
0.001	0.278	0.403	0.318
0.266	0.362	0.371	0.001
0.009	0.001	0.001	0.989
0.001	0.001	0.997	0.001
0.001	0.756	0.242	0.001
0.001	0.997	0.001	0.001
0.976	0.021	0.001	0.002
0.335	0.001	0.663	0.001
>AGATTCCA	3-AGATTCCA	6.572364	-27.777198	0	T:37.0(20.22%),B:2435.0(5.14%),P:1e-12	Tpos:106.2,Tstd:56.5,Bpos:99.7,Bstd:65.2,StrandBias:0.4,Multiplicity:1.22
0.984	0.001	0.001	0.014
0.337	0.010	0.626	0.027
0.997	0.001	0.001	0.001
0.001	0.033	0.296	0.670
0.063	0.001	0.006	0.930
0.037	0.888	0.022	0.053
0.025	0.973	0.001	0.001
0.955	0.033	0.001	0.011
>AATATTTG	4-AATATTTG	4.108001	-25.055453	0	T:19.0(10.38%),B:646.1(1.36%),P:1e-10	Tpos:101.7,Tstd:51.0,Bpos:96.3,Bstd:69.3,StrandBias:0.0,Multiplicity:1.00
0.997	0.001	0.001	0.001
0.870	0.128	0.001	0.001
0.001	0.001	0.001	0.997
0.945	0.001	0.053	0.001
0.001	0.001	0.001	0.997
0.001	0.001	0.001	0.997
0.001	0.001	0.001	0.997
0.001	0.001	0.997	0.001
>TGGCAAAT	5-TGGCAAAT	6.118322	-17.527350	0	T:44.0(24.04%),B:4695.9(9.92%),P:1e-7	Tpos:110.6,Tstd:51.9,Bpos:99.6,Bstd:66.6,StrandBias:0.5,Multiplicity:1.16
0.001	0.001	0.001	0.997
0.001	0.001	0.959	0.039
0.001	0.043	0.908	0.048
0.105	0.577	0.251	0.067
0.981	0.017	0.001	0.001
0.877	0.039	0.001	0.083
0.772	0.170	0.018	0.040
0.053	0.022	0.001	0.924
>TCGCATTC	6-TCGCATTC	5.262891	-15.046564	0	T:42.0(22.95%),B:4762.9(10.06%),P:1e-6	Tpos:102.0,Tstd:52.6,Bpos:100.3,Bstd:61.9,StrandBias:0.1,Multiplicity:1.26
0.087	0.074	0.028	0.811
0.050	0.708	0.094	0.148
0.032	0.071	0.836	0.061
0.035	0.731	0.142	0.092
0.668	0.090	0.172	0.070
0.027	0.054	0.170	0.749
0.027	0.030	0.103	0.840
0.085	0.672	0.088	0.155
>TCACGTCT	7-TCACGTCT	6.801213	-11.376172	0	T:12.0(6.56%),B:656.7(1.39%),P:1e-4	Tpos:99.6,Tstd:53.4,Bpos:99.8,Bstd:61.9,StrandBias:-0.2,Multiplicity:1.42
0.001	0.001	0.049	0.949
0.001	0.997	0.001	0.001
0.908	0.001	0.090	0.001
0.001	0.826	0.001	0.172
0.001	0.001	0.997	0.001
0.001	0.001	0.001	0.997
0.001	0.945	0.053	0.001
0.001	0.001	0.001	0.997
>CCCTACTG	8-CCCTACTG	8.834396	-6.372289	0	T:6.0(3.28%),B:322.9(0.68%),P:1e-2	Tpos:101.6,Tstd:51.2,Bpos:102.3,Bstd:62.0,StrandBias:1.4,Multiplicity:1.83
0.001	0.997	0.001	0.001
0.001	0.997	0.001	0.001
0.001	0.997	0.001	0.001
0.001	0.001	0.001	0.997
0.997	0.001	0.001	0.001
0.001	0.997	0.001	0.001
0.001	0.001	0.001	0.997
0.107	0.001	0.891	0.001
