>TGTTTACKTA	1-TGTTTACKTA	4.274233	-36.284402	0	T:29.0(15.85%),B:1051.8(2.22%),P:1e-15	Tpos:96.5,Tstd:49.3,Bpos:100.6,Bstd:67.6,StrandBias:0.0,Multiplicity:1.10
0.001	0.001	0.001	0.997
0.001	0.001	0.997	0.001
0.001	0.001	0.001	0.997
0.001	0.001	0.001	0.997
0.001	0.001	0.001	0.997
0.708	0.001	0.290	0.001
0.001	0.728	0.001	0.270
0.220	0.001	0.332	0.448
0.001	0.185	0.001	0.813
0.752	0.001	0.246	0.001
>TYDGTAAACA	2-TYDGTAAACA	8.180125	-31.765935	0	T:22.0(12.02%),B:646.2(1.36%),P:1e-13	Tpos:106.9,Tstd:47.2,Bpos:100.1,Bstd:64.2,StrandBias:1.6,Multiplicity:1.00
0.001	0.205	0.001	0.793
0.001	0.419	0.084	0.496
0.315	0.001	0.389	0.296
0.001	0.001	0.997	0.001
0.078	0.001	0.238	0.683
0.744	0.254	0.001	0.001
0.819	0.168	0.012	0.001
0.656	0.094	0.001	0.249
0.001	0.851	0.147	0.001
0.997	0.001	0.001	0.001
>GGAATTKGCC	3-GGAATTKGCC	6.392659	-31.601556	0	T:80.0(43.72%),B:9002.1(19.01%),P:1e-13	Tpos:104.9,Tstd:51.4,Bpos:101.4,Bstd:68.9,StrandBias:0.4,Multiplicity:1.25
0.001	0.001	0.901	0.097
0.066	0.043	0.849	0.042
0.628	0.229	0.085	0.058
0.533	0.185	0.178	0.104
0.046	0.071	0.156	0.727
0.066	0.218	0.158	0.558
0.227	0.001	0.340	0.432
0.001	0.046	0.951	0.002
0.001	0.753	0.245	0.001
0.117	0.683	0.097	0.103
>AGAGGAATGC	4-AGAGGAATGC	10.459103	-29.462105	0	T:13.0(7.10%),B:164.8(0.35%),P:1e-12	Tpos:95.3,Tstd:48.7,Bpos:104.6,Bstd:65.4,StrandBias:-1.2,Multiplicity:1.00
0.656	0.001	0.342	0.001
0.001	0.116	0.882	0.001
0.997	0.001	0.001	0.001
0.001	0.001	0.997	0.001
0.001	0.001	0.997	0.001
0.793	0.119	0.087	0.001
0.912	0.001	0.086	0.001
0.001	0.001	0.052	0.946
0.001	0.001	0.997	0.001
0.085	0.913	0.001	0.001
>AGAGYAMACA	5-AGAGYAMACA	3.804248	-26.979183	0	T:56.0(30.60%),B:5359.3(11.32%),P:1e-11	Tpos:110.8,Tstd:56.7,Bpos:99.9,Bstd:69.0,StrandBias:0.2,Multiplicity:1.22
0.980	0.001	0.001	0.018
0.001	0.379	0.619	0.001
0.948	0.001	0.050	0.001
0.001	0.001	0.997	0.001
0.003	0.393	0.223	0.382
0.993	0.005	0.001	0.001
0.546	0.452	0.001	0.001
0.997	0.001	0.001	0.001
0.046	0.589	0.001	0.364
0.997	0.001	0.001	0.001
>ATGCCATGCC	6-ATGCCATGCC	6.828694	-26.684898	0	T:57.0(31.15%),B:5567.4(11.76%),P:1e-11	Tpos:98.4,Tstd:56.7,Bpos:98.6,Bstd:72.5,StrandBias:0.5,Multiplicity:1.29
0.637	0.131	0.094	0.138
0.043	0.050	0.151	0.756
0.025	0.063	0.842	0.070
0.042	0.868	0.068	0.022
0.081	0.806	0.097	0.016
0.815	0.103	0.035	0.047
0.054	0.119	0.092	0.735
0.128	0.032	0.788	0.052
0.038	0.864	0.068	0.030
0.016	0.895	0.033	0.056
>TCGTTCCTGA	7-TCGTTCCTGA	8.396906	-22.656967	0	T:17.0(9.29%),B:573.0(1.21%),P:1e-9	Tpos:100.9,Tstd:56.3,Bpos:99.4,Bstd:62.1,StrandBias:0.9,Multiplicity:1.00
0.013	0.084	0.314	0.589
0.135	0.718	0.063	0.084
0.204	0.001	0.722	0.073
0.126	0.001	0.001	0.872
0.001	0.096	0.001	0.902
0.001	0.814	0.184	0.001
0.014	0.984	0.001	0.001
0.117	0.001	0.001	0.881
0.231	0.199	0.569	0.001
0.944	0.001	0.054	0.001
>GGCACCGTGC	8-GGCACCGTGC	6.497127	-21.617033	0	T:67.0(36.61%),B:8214.5(17.35%),P:1e-9	Tpos:97.3,Tstd:57.8,Bpos:100.2,Bstd:68.6,StrandBias:-0.8,Multiplicity:1.18
0.077	0.036	0.848	0.039
0.060	0.055	0.849	0.036
0.088	0.833	0.052	0.027
0.786	0.063	0.067	0.084
0.048	0.842	0.076	0.034
0.136	0.723	0.046	0.095
0.071	0.159	0.694	0.076
0.097	0.109	0.103	0.691
0.052	0.029	0.897	0.022
0.029	0.847	0.059	0.065
>GCAACTCTGG	9-GCAACTCTGG	10.450989	-19.369990	0	T:14.0(7.65%),B:453.4(0.96%),P:1e-8	Tpos:124.3,Tstd:47.1,Bpos:98.6,Bstd:69.4,StrandBias:0.6,Multiplicity:1.07
0.001	0.001	0.997	0.001
0.001	0.870	0.001	0.128
0.887	0.001	0.111	0.001
0.644	0.060	0.142	0.154
0.001	0.895	0.001	0.103
0.001	0.001	0.001	0.997
0.001	0.887	0.111	0.001
0.001	0.001	0.001	0.997
0.001	0.001	0.997	0.001
0.001	0.090	0.908	0.001
>AGATGGCAGC	10-AGATGGCAGC	9.327507	-18.921801	0	T:22.0(12.02%),B:1272.4(2.69%),P:1e-8	Tpos:68.6,Tstd:59.1,Bpos:103.3,Bstd:69.5,StrandBias:-0.3,Multiplicity:1.05
0.899	0.001	0.099	0.001
0.001	0.017	0.981	0.001
0.792	0.001	0.001	0.206
0.001	0.001	0.377	0.621
0.001	0.001	0.757	0.241
0.126	0.010	0.640	0.224
0.103	0.813	0.083	0.001
0.997	0.001	0.001	0.001
0.001	0.001	0.997	0.001
0.001	0.894	0.104	0.001
>TWAACAGTTT	11-TWAACAGTTT	7.323641	-14.057057	0	T:16.0(8.74%),B:924.1(1.95%),P:1e-6	Tpos:98.7,Tstd:54.5,Bpos:98.6,Bstd:63.7,StrandBias:0.0,Multiplicity:1.20
0.001	0.087	0.226	0.686
0.560	0.001	0.001	0.438
0.536	0.156	0.073	0.235
0.634	0.205	0.058	0.103
0.004	0.988	0.001	0.007
0.761	0.117	0.001	0.121
0.083	0.226	0.690	0.001
0.001	0.068	0.001	0.930
0.001	0.013	0.235	0.751
0.003	0.001	0.379	0.617
>GGCAGTRCCC	12-GGCAGTRCCC	8.910239	-12.706132	0	T:20.0(10.93%),B:1553.7(3.28%),P:1e-5	Tpos:118.0,Tstd:47.1,Bpos:99.2,Bstd:71.9,StrandBias:-0.6,Multiplicity:1.16
0.344	0.001	0.654	0.001
0.148	0.001	0.731	0.120
0.056	0.614	0.329	0.001
0.659	0.001	0.205	0.135
0.001	0.268	0.730	0.001
0.187	0.001	0.001	0.811
0.543	0.001	0.455	0.001
0.001	0.997	0.001	0.001
0.001	0.989	0.001	0.009
0.286	0.712	0.001	0.001
>GCCAAGGCCT	13-GCCAAGGCCT	7.386393	-12.389021	0	T:17.0(9.29%),B:1181.9(2.50%),P:1e-5	Tpos:118.3,Tstd:29.1,Bpos:98.6,Bstd:74.7,StrandBias:-1.0,Multiplicity:1.00
0.135	0.144	0.608	0.113
0.115	0.615	0.158	0.112
0.139	0.637	0.127	0.097
0.603	0.166	0.130	0.101
0.531	0.126	0.195	0.148
0.137	0.104	0.619	0.140
0.129	0.154	0.594	0.123
0.122	0.587	0.160	0.131
0.118	0.651	0.097	0.134
0.135	0.156	0.155	0.554
>GGCGTGGCCT	14-GGCGTGGCCT	7.692557	-11.833212	0	T:29.0(15.85%),B:3058.9(6.46%),P:1e-5	Tpos:118.2,Tstd:50.1,Bpos:99.9,Bstd:63.4,StrandBias:0.0,Multiplicity:1.05
0.068	0.001	0.879	0.052
0.050	0.099	0.811	0.040
0.088	0.711	0.055	0.146
0.001	0.041	0.909	0.049
0.072	0.066	0.098	0.764
0.054	0.091	0.854	0.001
0.099	0.096	0.730	0.075
0.091	0.873	0.035	0.001
0.001	0.877	0.088	0.034
0.124	0.097	0.067	0.712
>ATCGCAGTTC	15-ATCGCAGTTC	10.296193	-4.866467	0	T:1.0(0.55%),B:2.1(0.00%),P:1e-2	Tpos:78.5,Tstd:54.8,Bpos:162.0,Bstd:0.0,StrandBias:10.0,Multiplicity:4.00
0.700	0.100	0.100	0.100
0.100	0.100	0.100	0.700
0.100	0.700	0.100	0.100
0.100	0.100	0.700	0.100
0.100	0.700	0.100	0.100
0.700	0.100	0.100	0.100
0.100	0.100	0.700	0.100
0.100	0.100	0.100	0.700
0.100	0.100	0.100	0.700
0.100	0.700	0.100	0.100
>CTACTGACTG	16-CTACTGACTG	10.296193	-3.623287	0	T:1.0(0.55%),B:7.6(0.02%),P:1e-1	Tpos:85.0,Tstd:52.1,Bpos:97.1,Bstd:45.6,StrandBias:10.0,Multiplicity:6.00
0.100	0.700	0.100	0.100
0.100	0.100	0.100	0.700
0.700	0.100	0.100	0.100
0.100	0.700	0.100	0.100
0.100	0.100	0.100	0.700
0.100	0.100	0.700	0.100
0.700	0.100	0.100	0.100
0.100	0.700	0.100	0.100
0.100	0.100	0.100	0.700
0.100	0.100	0.700	0.100
>TGGGAGACGT	17-TGGGAGACGT	10.296193	-3.093843	0	T:1.0(0.55%),B:12.5(0.03%),P:1e-1	Tpos:104.0,Tstd:62.2,Bpos:110.7,Bstd:57.5,StrandBias:10.0,Multiplicity:5.00
0.100	0.100	0.100	0.700
0.100	0.100	0.700	0.100
0.100	0.100	0.700	0.100
0.100	0.100	0.700	0.100
0.700	0.100	0.100	0.100
0.100	0.100	0.700	0.100
0.700	0.100	0.100	0.100
0.100	0.700	0.100	0.100
0.100	0.100	0.700	0.100
0.100	0.100	0.100	0.700
>GCACTGTGCCAG	1-GCACTGTGCCAG	10.101261	-30.642858	0	T:20.0(10.93%),B:535.2(1.13%),P:1e-13	Tpos:82.0,Tstd:57.5,Bpos:98.0,Bstd:74.0,StrandBias:0.1,Multiplicity:1.00
0.001	0.040	0.958	0.001
0.001	0.765	0.141	0.093
0.661	0.217	0.079	0.043
0.075	0.809	0.058	0.058
0.066	0.043	0.240	0.651
0.001	0.072	0.926	0.001
0.030	0.050	0.043	0.877
0.058	0.037	0.855	0.050
0.001	0.891	0.107	0.001
0.001	0.997	0.001	0.001
0.891	0.107	0.001	0.001
0.161	0.115	0.723	0.001
>WSAGMAMACARA	2-WSAGMAMACARA	6.887222	-30.274103	0	T:50.0(27.32%),B:4016.9(8.48%),P:1e-13	Tpos:112.9,Tstd:51.7,Bpos:101.7,Bstd:68.2,StrandBias:0.7,Multiplicity:1.16
0.373	0.186	0.088	0.352
0.150	0.314	0.385	0.151
0.788	0.001	0.001	0.210
0.001	0.174	0.783	0.042
0.337	0.391	0.068	0.205
0.697	0.091	0.211	0.001
0.460	0.359	0.159	0.023
0.804	0.194	0.001	0.001
0.104	0.720	0.175	0.001
0.909	0.068	0.001	0.022
0.408	0.148	0.307	0.137
0.463	0.279	0.086	0.173
>GRYWAAKATTGA	3-GRYWAAKATTGA	10.518813	-25.437166	0	T:4.0(2.19%),B:1.9(0.00%),P:1e-11	Tpos:87.2,Tstd:54.2,Bpos:46.9,Bstd:58.5,StrandBias:0.6,Multiplicity:1.25
0.027	0.001	0.971	0.001
0.541	0.001	0.457	0.001
0.001	0.541	0.001	0.457
0.541	0.001	0.001	0.457
0.997	0.001	0.001	0.001
0.997	0.001	0.001	0.001
0.001	0.001	0.457	0.541
0.997	0.001	0.001	0.001
0.001	0.001	0.001	0.997
0.001	0.001	0.001	0.997
0.001	0.001	0.971	0.027
0.997	0.001	0.001	0.001
>GGAATGCAGAAA	4-GGAATGCAGAAA	14.412848	-25.437166	0	T:4.0(2.19%),B:1.3(0.00%),P:1e-11	Tpos:115.2,Tstd:22.3,Bpos:159.7,Bstd:5.8,StrandBias:0.0,Multiplicity:1.00
0.001	0.001	0.997	0.001
0.001	0.001	0.997	0.001
0.997	0.001	0.001	0.001
0.997	0.001	0.001	0.001
0.001	0.001	0.149	0.849
0.001	0.001	0.997	0.001
0.001	0.997	0.001	0.001
0.787	0.001	0.211	0.001
0.001	0.001	0.997	0.001
0.787	0.001	0.001	0.211
0.787	0.211	0.001	0.001
0.997	0.001	0.001	0.001
>AAATTCCAATGA	5-AAATTCCAATGA	8.491942	-22.348380	0	T:13.0(7.10%),B:293.2(0.62%),P:1e-9	Tpos:106.8,Tstd:43.3,Bpos:98.8,Bstd:58.4,StrandBias:0.7,Multiplicity:1.00
0.680	0.126	0.068	0.126
0.810	0.126	0.063	0.001
0.617	0.189	0.068	0.126
0.063	0.001	0.063	0.873
0.063	0.043	0.068	0.826
0.001	0.873	0.001	0.125
0.063	0.810	0.001	0.126
0.811	0.063	0.063	0.063
0.516	0.189	0.232	0.063
0.189	0.001	0.111	0.699
0.063	0.063	0.873	0.001
0.622	0.189	0.126	0.063
>CAKGGCWAGAGA	6-CAKGGCWAGAGA	10.283547	-21.964073	0	T:17.0(9.29%),B:600.0(1.27%),P:1e-9	Tpos:95.4,Tstd:53.4,Bpos:100.1,Bstd:70.9,StrandBias:1.6,Multiplicity:1.00
0.001	0.997	0.001	0.001
0.527	0.211	0.001	0.261
0.175	0.001	0.364	0.460
0.001	0.001	0.997	0.001
0.175	0.001	0.823	0.001
0.001	0.824	0.001	0.174
0.517	0.001	0.001	0.481
0.708	0.001	0.290	0.001
0.266	0.001	0.732	0.001
0.697	0.001	0.001	0.301
0.001	0.001	0.997	0.001
0.794	0.001	0.204	0.001
>CGGACCCWGCAG	7-CGGACCCWGCAG	11.538049	-21.301811	0	T:15.0(8.20%),B:463.1(0.98%),P:1e-9	Tpos:105.1,Tstd:56.3,Bpos:103.2,Bstd:68.4,StrandBias:0.6,Multiplicity:1.00
0.259	0.739	0.001	0.001
0.234	0.033	0.732	0.001
0.001	0.017	0.981	0.001
0.685	0.263	0.019	0.033
0.192	0.573	0.234	0.001
0.001	0.807	0.191	0.001
0.001	0.997	0.001	0.001
0.524	0.001	0.001	0.474
0.001	0.001	0.997	0.001
0.001	0.997	0.001	0.001
0.997	0.001	0.001	0.001
0.018	0.001	0.979	0.002
>TGCCCAARCAAT	8-TGCCCAARCAAT	6.668679	-21.206735	0	T:27.0(14.75%),B:1701.4(3.59%),P:1e-9	Tpos:116.4,Tstd:53.9,Bpos:102.7,Bstd:65.4,StrandBias:1.1,Multiplicity:1.08
0.305	0.001	0.001	0.693
0.252	0.220	0.527	0.001
0.315	0.465	0.126	0.095
0.095	0.433	0.220	0.252
0.188	0.560	0.188	0.064
0.873	0.001	0.125	0.001
0.629	0.189	0.119	0.063
0.409	0.220	0.370	0.001
0.221	0.559	0.095	0.125
0.598	0.400	0.001	0.001
0.472	0.221	0.157	0.150
0.125	0.126	0.149	0.600
>GCGAGGGCGCAC	9-GCGAGGGCGCAC	10.818500	-19.837415	0	T:5.0(2.73%),B:13.9(0.03%),P:1e-8	Tpos:133.4,Tstd:42.5,Bpos:97.0,Bstd:49.4,StrandBias:0.6,Multiplicity:1.00
0.001	0.001	0.997	0.001
0.001	0.997	0.001	0.001
0.001	0.001	0.997	0.001
0.997	0.001	0.001	0.001
0.001	0.001	0.997	0.001
0.001	0.001	0.997	0.001
0.001	0.001	0.997	0.001
0.001	0.845	0.153	0.001
0.001	0.001	0.997	0.001
0.001	0.869	0.129	0.001
0.997	0.001	0.001	0.001
0.001	0.975	0.023	0.001
>GCAGAGTCCATG	10-GCAGAGTCCATG	14.412848	-19.011509	0	T:4.0(2.19%),B:5.3(0.01%),P:1e-8	Tpos:93.0,Tstd:55.6,Bpos:99.2,Bstd:28.9,StrandBias:1.6,Multiplicity:1.00
0.001	0.149	0.849	0.001
0.001	0.997	0.001	0.001
0.997	0.001	0.001	0.001
0.211	0.001	0.787	0.001
0.787	0.001	0.211	0.001
0.001	0.001	0.997	0.001
0.001	0.001	0.001	0.997
0.001	0.997	0.001	0.001
0.001	0.997	0.001	0.001
0.997	0.001	0.001	0.001
0.001	0.211	0.001	0.787
0.001	0.001	0.997	0.001
>TGATGCCATGCG	11-TGATGCCATGCG	8.433289	-16.235586	0	T:6.0(3.28%),B:54.3(0.11%),P:1e-7	Tpos:103.4,Tstd:48.9,Bpos:92.2,Bstd:49.1,StrandBias:1.3,Multiplicity:1.17
0.001	0.001	0.001	0.997
0.001	0.001	0.997	0.001
0.951	0.047	0.001	0.001
0.047	0.001	0.001	0.951
0.047	0.001	0.951	0.001
0.001	0.950	0.001	0.048
0.007	0.944	0.001	0.048
0.997	0.001	0.001	0.001
0.001	0.001	0.001	0.997
0.001	0.048	0.944	0.007
0.001	0.997	0.001	0.001
0.001	0.153	0.845	0.001
>TGGGAGGGGCCT	12-TGGGAGGGGCCT	9.413311	-11.980629	0	T:22.0(12.02%),B:1925.0(4.07%),P:1e-5	Tpos:123.3,Tstd:48.1,Bpos:98.9,Bstd:62.3,StrandBias:0.2,Multiplicity:1.06
0.135	0.182	0.157	0.526
0.001	0.088	0.827	0.084
0.004	0.001	0.994	0.001
0.120	0.001	0.876	0.003
0.646	0.351	0.002	0.001
0.002	0.241	0.657	0.100
0.002	0.001	0.753	0.244
0.003	0.001	0.994	0.002
0.001	0.001	0.997	0.001
0.301	0.697	0.001	0.001
0.007	0.703	0.149	0.141
0.003	0.153	0.098	0.746
>AGGTGCCCAAMT	13-AGGTGCCCAAMT	11.730787	-11.909514	0	T:3.0(1.64%),B:9.7(0.02%),P:1e-5	Tpos:119.2,Tstd:52.2,Bpos:136.3,Bstd:61.3,StrandBias:1.0,Multiplicity:2.00
0.936	0.061	0.001	0.002
0.261	0.001	0.737	0.001
0.001	0.001	0.648	0.350
0.001	0.001	0.162	0.836
0.087	0.001	0.825	0.087
0.087	0.825	0.087	0.001
0.001	0.837	0.087	0.075
0.174	0.649	0.087	0.090
0.825	0.087	0.001	0.087
0.514	0.236	0.174	0.076
0.536	0.402	0.061	0.001
0.149	0.101	0.236	0.514
>CTGGGGCGTGGC	14-CTGGGGCGTGGC	6.517702	-7.778168	0	T:98.0(53.55%),B:19424.9(41.03%),P:1e-3	Tpos:98.4,Tstd:54.3,Bpos:99.3,Bstd:66.1,StrandBias:0.2,Multiplicity:1.45
0.100	0.700	0.100	0.100
0.100	0.100	0.100	0.700
0.100	0.100	0.700	0.100
0.100	0.100	0.700	0.100
0.100	0.100	0.700	0.100
0.100	0.100	0.700	0.100
0.100	0.700	0.100	0.100
0.100	0.100	0.700	0.100
0.100	0.100	0.100	0.700
0.100	0.100	0.700	0.100
0.100	0.100	0.700	0.100
0.100	0.700	0.100	0.100
>CCCTACTGACTG	15-CCCTACTGACTG	16.404031	-5.557694	0	T:1.0(0.55%),B:1.5(0.00%),P:1e-2	Tpos:99.8,Tstd:41.9,Bpos:46.5,Bstd:7.3,StrandBias:10.0,Multiplicity:5.00
0.001	0.997	0.001	0.001
0.001	0.997	0.001	0.001
0.001	0.997	0.001	0.001
0.001	0.001	0.001	0.997
0.997	0.001	0.001	0.001
0.001	0.997	0.001	0.001
0.001	0.001	0.001	0.997
0.001	0.001	0.997	0.001
0.820	0.001	0.001	0.178
0.001	0.997	0.001	0.001
0.001	0.001	0.001	0.997
0.001	0.001	0.997	0.001
>GTGGGAGACGTG	16-GTGGGAGACGTG	12.355432	-5.557694	0	T:1.0(0.55%),B:0.9(0.00%),P:1e-2	Tpos:104.0,Tstd:62.2,Bpos:115.5,Bstd:46.7,StrandBias:10.0,Multiplicity:5.00
0.100	0.100	0.700	0.100
0.100	0.100	0.100	0.700
0.100	0.100	0.700	0.100
0.100	0.100	0.700	0.100
0.100	0.100	0.700	0.100
0.700	0.100	0.100	0.100
0.100	0.100	0.700	0.100
0.700	0.100	0.100	0.100
0.100	0.700	0.100	0.100
0.100	0.100	0.700	0.100
0.100	0.100	0.100	0.700
0.100	0.100	0.700	0.100
>ATCGCAGTTCCC	17-ATCGCAGTTCCC	12.355432	-5.557694	0	T:1.0(0.55%),B:0.0(0.00%),P:1e-2	Tpos:79.5,Tstd:54.8,Bpos:0.0,Bstd:0.0,StrandBias:10.0,Multiplicity:4.00
0.700	0.100	0.100	0.100
0.100	0.100	0.100	0.700
0.100	0.700	0.100	0.100
0.100	0.100	0.700	0.100
0.100	0.700	0.100	0.100
0.700	0.100	0.100	0.100
0.100	0.100	0.700	0.100
0.100	0.100	0.100	0.700
0.100	0.100	0.100	0.700
0.100	0.700	0.100	0.100
0.100	0.700	0.100	0.100
0.100	0.700	0.100	0.100
>GGCTCTGTCCTA	18-GGCTCTGTCCTA	12.355432	-4.866467	0	T:1.0(0.55%),B:2.5(0.01%),P:1e-2	Tpos:107.5,Tstd:54.8,Bpos:33.7,Bstd:9.2,StrandBias:10.0,Multiplicity:4.00
0.100	0.100	0.700	0.100
0.100	0.100	0.700	0.100
0.100	0.700	0.100	0.100
0.100	0.100	0.100	0.700
0.100	0.700	0.100	0.100
0.100	0.100	0.100	0.700
0.100	0.100	0.700	0.100
0.100	0.100	0.100	0.700
0.100	0.700	0.100	0.100
0.100	0.700	0.100	0.100
0.100	0.100	0.100	0.700
0.700	0.100	0.100	0.100
>NNNNNNNNNNNN	19-NNNNNNNNNNNN	-nan	0.000000	0	T:0.0(0.00%),B:0.0(0.00%),P:1e0	Tpos:0.0,Tstd:0.0,Bpos:0.0,Bstd:0.0,StrandBias:0.0,Multiplicity:1.00
-nan	-nan	-nan	-nan
-nan	-nan	-nan	-nan
-nan	-nan	-nan	-nan
-nan	-nan	-nan	-nan
-nan	-nan	-nan	-nan
-nan	-nan	-nan	-nan
-nan	-nan	-nan	-nan
-nan	-nan	-nan	-nan
-nan	-nan	-nan	-nan
-nan	-nan	-nan	-nan
-nan	-nan	-nan	-nan
-nan	-nan	-nan	-nan
>GTAAACAA	1-GTAAACAA	8.727664	-40.932944	0	T:26.0(14.21%),B:659.1(1.39%),P:1e-17	Tpos:96.1,Tstd:50.4,Bpos:96.4,Bstd:65.8,StrandBias:0.8,Multiplicity:1.08
0.001	0.001	0.997	0.001
0.001	0.213	0.045	0.741
0.894	0.104	0.001	0.001
0.997	0.001	0.001	0.001
0.997	0.001	0.001	0.001
0.001	0.997	0.001	0.001
0.997	0.001	0.001	0.001
0.502	0.226	0.246	0.026
>BVTGCCAG	2-BVTGCCAG	7.538395	-29.740860	0	T:80.0(43.72%),B:9307.1(19.66%),P:1e-12	Tpos:95.4,Tstd:57.3,Bpos:100.4,Bstd:74.4,StrandBias:-0.2,Multiplicity:1.46
0.001	0.278	0.403	0.318
0.266	0.362	0.371	0.001
0.009	0.001	0.001	0.989
0.001	0.001	0.997	0.001
0.001	0.756	0.242	0.001
0.001	0.997	0.001	0.001
0.976	0.021	0.001	0.002
0.335	0.001	0.663	0.001
>AGATTCCA	3-AGATTCCA	6.572364	-27.777198	0	T:37.0(20.22%),B:2435.0(5.14%),P:1e-12	Tpos:106.2,Tstd:56.5,Bpos:99.7,Bstd:65.2,StrandBias:0.4,Multiplicity:1.22
0.984	0.001	0.001	0.014
0.337	0.010	0.626	0.027
0.997	0.001	0.001	0.001
0.001	0.033	0.296	0.670
0.063	0.001	0.006	0.930
0.037	0.888	0.022	0.053
0.025	0.973	0.001	0.001
0.955	0.033	0.001	0.011
>AATATTTG	4-AATATTTG	4.108001	-25.055453	0	T:19.0(10.38%),B:646.1(1.36%),P:1e-10	Tpos:101.7,Tstd:51.0,Bpos:96.3,Bstd:69.3,StrandBias:0.0,Multiplicity:1.00
0.997	0.001	0.001	0.001
0.870	0.128	0.001	0.001
0.001	0.001	0.001	0.997
0.945	0.001	0.053	0.001
0.001	0.001	0.001	0.997
0.001	0.001	0.001	0.997
0.001	0.001	0.001	0.997
0.001	0.001	0.997	0.001
>TGGCAAAT	5-TGGCAAAT	6.118322	-17.527350	0	T:44.0(24.04%),B:4695.9(9.92%),P:1e-7	Tpos:110.6,Tstd:51.9,Bpos:99.6,Bstd:66.6,StrandBias:0.5,Multiplicity:1.16
0.001	0.001	0.001	0.997
0.001	0.001	0.959	0.039
0.001	0.043	0.908	0.048
0.105	0.577	0.251	0.067
0.981	0.017	0.001	0.001
0.877	0.039	0.001	0.083
0.772	0.170	0.018	0.040
0.053	0.022	0.001	0.924
>TCGCATTC	6-TCGCATTC	5.262891	-15.046564	0	T:42.0(22.95%),B:4762.9(10.06%),P:1e-6	Tpos:102.0,Tstd:52.6,Bpos:100.3,Bstd:61.9,StrandBias:0.1,Multiplicity:1.26
0.087	0.074	0.028	0.811
0.050	0.708	0.094	0.148
0.032	0.071	0.836	0.061
0.035	0.731	0.142	0.092
0.668	0.090	0.172	0.070
0.027	0.054	0.170	0.749
0.027	0.030	0.103	0.840
0.085	0.672	0.088	0.155
>TCACGTCT	7-TCACGTCT	6.801213	-11.376172	0	T:12.0(6.56%),B:656.7(1.39%),P:1e-4	Tpos:99.6,Tstd:53.4,Bpos:99.8,Bstd:61.9,StrandBias:-0.2,Multiplicity:1.42
0.001	0.001	0.049	0.949
0.001	0.997	0.001	0.001
0.908	0.001	0.090	0.001
0.001	0.826	0.001	0.172
0.001	0.001	0.997	0.001
0.001	0.001	0.001	0.997
0.001	0.945	0.053	0.001
0.001	0.001	0.001	0.997
>CCCTACTG	8-CCCTACTG	8.834396	-6.372289	0	T:6.0(3.28%),B:322.9(0.68%),P:1e-2	Tpos:101.6,Tstd:51.2,Bpos:102.3,Bstd:62.0,StrandBias:1.4,Multiplicity:1.83
0.001	0.997	0.001	0.001
0.001	0.997	0.001	0.001
0.001	0.997	0.001	0.001
0.001	0.001	0.001	0.997
0.997	0.001	0.001	0.001
0.001	0.997	0.001	0.001
0.001	0.001	0.001	0.997
0.107	0.001	0.891	0.001
