>TGTTTACKTA	1-TGTTTACKTA	4.274233	-36.284402	0	T:29.0(15.85%),B:1051.8(2.22%),P:1e-15	Tpos:96.5,Tstd:49.3,Bpos:100.6,Bstd:67.6,StrandBias:0.0,Multiplicity:1.10
0.001	0.001	0.001	0.997
0.001	0.001	0.997	0.001
0.001	0.001	0.001	0.997
0.001	0.001	0.001	0.997
0.001	0.001	0.001	0.997
0.708	0.001	0.290	0.001
0.001	0.728	0.001	0.270
0.220	0.001	0.332	0.448
0.001	0.185	0.001	0.813
0.752	0.001	0.246	0.001
>TYDGTAAACA	2-TYDGTAAACA	8.180125	-31.765935	0	T:22.0(12.02%),B:646.2(1.36%),P:1e-13	Tpos:106.9,Tstd:47.2,Bpos:100.1,Bstd:64.2,StrandBias:1.6,Multiplicity:1.00
0.001	0.205	0.001	0.793
0.001	0.419	0.084	0.496
0.315	0.001	0.389	0.296
0.001	0.001	0.997	0.001
0.078	0.001	0.238	0.683
0.744	0.254	0.001	0.001
0.819	0.168	0.012	0.001
0.656	0.094	0.001	0.249
0.001	0.851	0.147	0.001
0.997	0.001	0.001	0.001
>GGAATTKGCC	3-GGAATTKGCC	6.392659	-31.601556	0	T:80.0(43.72%),B:9002.1(19.01%),P:1e-13	Tpos:104.9,Tstd:51.4,Bpos:101.4,Bstd:68.9,StrandBias:0.4,Multiplicity:1.25
0.001	0.001	0.901	0.097
0.066	0.043	0.849	0.042
0.628	0.229	0.085	0.058
0.533	0.185	0.178	0.104
0.046	0.071	0.156	0.727
0.066	0.218	0.158	0.558
0.227	0.001	0.340	0.432
0.001	0.046	0.951	0.002
0.001	0.753	0.245	0.001
0.117	0.683	0.097	0.103
>AGAGGAATGC	4-AGAGGAATGC	10.459103	-29.462105	0	T:13.0(7.10%),B:164.8(0.35%),P:1e-12	Tpos:95.3,Tstd:48.7,Bpos:104.6,Bstd:65.4,StrandBias:-1.2,Multiplicity:1.00
0.656	0.001	0.342	0.001
0.001	0.116	0.882	0.001
0.997	0.001	0.001	0.001
0.001	0.001	0.997	0.001
0.001	0.001	0.997	0.001
0.793	0.119	0.087	0.001
0.912	0.001	0.086	0.001
0.001	0.001	0.052	0.946
0.001	0.001	0.997	0.001
0.085	0.913	0.001	0.001
>AGAGYAMACA	5-AGAGYAMACA	3.804248	-26.979183	0	T:56.0(30.60%),B:5359.3(11.32%),P:1e-11	Tpos:110.8,Tstd:56.7,Bpos:99.9,Bstd:69.0,StrandBias:0.2,Multiplicity:1.22
0.980	0.001	0.001	0.018
0.001	0.379	0.619	0.001
0.948	0.001	0.050	0.001
0.001	0.001	0.997	0.001
0.003	0.393	0.223	0.382
0.993	0.005	0.001	0.001
0.546	0.452	0.001	0.001
0.997	0.001	0.001	0.001
0.046	0.589	0.001	0.364
0.997	0.001	0.001	0.001
>ATGCCATGCC	6-ATGCCATGCC	6.828694	-26.684898	0	T:57.0(31.15%),B:5567.4(11.76%),P:1e-11	Tpos:98.4,Tstd:56.7,Bpos:98.6,Bstd:72.5,StrandBias:0.5,Multiplicity:1.29
0.637	0.131	0.094	0.138
0.043	0.050	0.151	0.756
0.025	0.063	0.842	0.070
0.042	0.868	0.068	0.022
0.081	0.806	0.097	0.016
0.815	0.103	0.035	0.047
0.054	0.119	0.092	0.735
0.128	0.032	0.788	0.052
0.038	0.864	0.068	0.030
0.016	0.895	0.033	0.056
>TCGTTCCTGA	7-TCGTTCCTGA	8.396906	-22.656967	0	T:17.0(9.29%),B:573.0(1.21%),P:1e-9	Tpos:100.9,Tstd:56.3,Bpos:99.4,Bstd:62.1,StrandBias:0.9,Multiplicity:1.00
0.013	0.084	0.314	0.589
0.135	0.718	0.063	0.084
0.204	0.001	0.722	0.073
0.126	0.001	0.001	0.872
0.001	0.096	0.001	0.902
0.001	0.814	0.184	0.001
0.014	0.984	0.001	0.001
0.117	0.001	0.001	0.881
0.231	0.199	0.569	0.001
0.944	0.001	0.054	0.001
>GGCACCGTGC	8-GGCACCGTGC	6.497127	-21.617033	0	T:67.0(36.61%),B:8214.5(17.35%),P:1e-9	Tpos:97.3,Tstd:57.8,Bpos:100.2,Bstd:68.6,StrandBias:-0.8,Multiplicity:1.18
0.077	0.036	0.848	0.039
0.060	0.055	0.849	0.036
0.088	0.833	0.052	0.027
0.786	0.063	0.067	0.084
0.048	0.842	0.076	0.034
0.136	0.723	0.046	0.095
0.071	0.159	0.694	0.076
0.097	0.109	0.103	0.691
0.052	0.029	0.897	0.022
0.029	0.847	0.059	0.065
>GCAACTCTGG	9-GCAACTCTGG	10.450989	-19.369990	0	T:14.0(7.65%),B:453.4(0.96%),P:1e-8	Tpos:124.3,Tstd:47.1,Bpos:98.6,Bstd:69.4,StrandBias:0.6,Multiplicity:1.07
0.001	0.001	0.997	0.001
0.001	0.870	0.001	0.128
0.887	0.001	0.111	0.001
0.644	0.060	0.142	0.154
0.001	0.895	0.001	0.103
0.001	0.001	0.001	0.997
0.001	0.887	0.111	0.001
0.001	0.001	0.001	0.997
0.001	0.001	0.997	0.001
0.001	0.090	0.908	0.001
>AGATGGCAGC	10-AGATGGCAGC	9.327507	-18.921801	0	T:22.0(12.02%),B:1272.4(2.69%),P:1e-8	Tpos:68.6,Tstd:59.1,Bpos:103.3,Bstd:69.5,StrandBias:-0.3,Multiplicity:1.05
0.899	0.001	0.099	0.001
0.001	0.017	0.981	0.001
0.792	0.001	0.001	0.206
0.001	0.001	0.377	0.621
0.001	0.001	0.757	0.241
0.126	0.010	0.640	0.224
0.103	0.813	0.083	0.001
0.997	0.001	0.001	0.001
0.001	0.001	0.997	0.001
0.001	0.894	0.104	0.001
>TWAACAGTTT	11-TWAACAGTTT	7.323641	-14.057057	0	T:16.0(8.74%),B:924.1(1.95%),P:1e-6	Tpos:98.7,Tstd:54.5,Bpos:98.6,Bstd:63.7,StrandBias:0.0,Multiplicity:1.20
0.001	0.087	0.226	0.686
0.560	0.001	0.001	0.438
0.536	0.156	0.073	0.235
0.634	0.205	0.058	0.103
0.004	0.988	0.001	0.007
0.761	0.117	0.001	0.121
0.083	0.226	0.690	0.001
0.001	0.068	0.001	0.930
0.001	0.013	0.235	0.751
0.003	0.001	0.379	0.617
>GGCAGTRCCC	12-GGCAGTRCCC	8.910239	-12.706132	0	T:20.0(10.93%),B:1553.7(3.28%),P:1e-5	Tpos:118.0,Tstd:47.1,Bpos:99.2,Bstd:71.9,StrandBias:-0.6,Multiplicity:1.16
0.344	0.001	0.654	0.001
0.148	0.001	0.731	0.120
0.056	0.614	0.329	0.001
0.659	0.001	0.205	0.135
0.001	0.268	0.730	0.001
0.187	0.001	0.001	0.811
0.543	0.001	0.455	0.001
0.001	0.997	0.001	0.001
0.001	0.989	0.001	0.009
0.286	0.712	0.001	0.001
>GCCAAGGCCT	13-GCCAAGGCCT	7.386393	-12.389021	0	T:17.0(9.29%),B:1181.9(2.50%),P:1e-5	Tpos:118.3,Tstd:29.1,Bpos:98.6,Bstd:74.7,StrandBias:-1.0,Multiplicity:1.00
0.135	0.144	0.608	0.113
0.115	0.615	0.158	0.112
0.139	0.637	0.127	0.097
0.603	0.166	0.130	0.101
0.531	0.126	0.195	0.148
0.137	0.104	0.619	0.140
0.129	0.154	0.594	0.123
0.122	0.587	0.160	0.131
0.118	0.651	0.097	0.134
0.135	0.156	0.155	0.554
>GGCGTGGCCT	14-GGCGTGGCCT	7.692557	-11.833212	0	T:29.0(15.85%),B:3058.9(6.46%),P:1e-5	Tpos:118.2,Tstd:50.1,Bpos:99.9,Bstd:63.4,StrandBias:0.0,Multiplicity:1.05
0.068	0.001	0.879	0.052
0.050	0.099	0.811	0.040
0.088	0.711	0.055	0.146
0.001	0.041	0.909	0.049
0.072	0.066	0.098	0.764
0.054	0.091	0.854	0.001
0.099	0.096	0.730	0.075
0.091	0.873	0.035	0.001
0.001	0.877	0.088	0.034
0.124	0.097	0.067	0.712
>ATCGCAGTTC	15-ATCGCAGTTC	10.296193	-4.866467	0	T:1.0(0.55%),B:2.1(0.00%),P:1e-2	Tpos:78.5,Tstd:54.8,Bpos:162.0,Bstd:0.0,StrandBias:10.0,Multiplicity:4.00
0.700	0.100	0.100	0.100
0.100	0.100	0.100	0.700
0.100	0.700	0.100	0.100
0.100	0.100	0.700	0.100
0.100	0.700	0.100	0.100
0.700	0.100	0.100	0.100
0.100	0.100	0.700	0.100
0.100	0.100	0.100	0.700
0.100	0.100	0.100	0.700
0.100	0.700	0.100	0.100
>CTACTGACTG	16-CTACTGACTG	10.296193	-3.623287	0	T:1.0(0.55%),B:7.6(0.02%),P:1e-1	Tpos:85.0,Tstd:52.1,Bpos:97.1,Bstd:45.6,StrandBias:10.0,Multiplicity:6.00
0.100	0.700	0.100	0.100
0.100	0.100	0.100	0.700
0.700	0.100	0.100	0.100
0.100	0.700	0.100	0.100
0.100	0.100	0.100	0.700
0.100	0.100	0.700	0.100
0.700	0.100	0.100	0.100
0.100	0.700	0.100	0.100
0.100	0.100	0.100	0.700
0.100	0.100	0.700	0.100
>TGGGAGACGT	17-TGGGAGACGT	10.296193	-3.093843	0	T:1.0(0.55%),B:12.5(0.03%),P:1e-1	Tpos:104.0,Tstd:62.2,Bpos:110.7,Bstd:57.5,StrandBias:10.0,Multiplicity:5.00
0.100	0.100	0.100	0.700
0.100	0.100	0.700	0.100
0.100	0.100	0.700	0.100
0.100	0.100	0.700	0.100
0.700	0.100	0.100	0.100
0.100	0.100	0.700	0.100
0.700	0.100	0.100	0.100
0.100	0.700	0.100	0.100
0.100	0.100	0.700	0.100
0.100	0.100	0.100	0.700
