>GCACTGTGCCAG	1-GCACTGTGCCAG	10.101261	-30.642858	0	T:20.0(10.93%),B:535.2(1.13%),P:1e-13	Tpos:82.0,Tstd:57.5,Bpos:98.0,Bstd:74.0,StrandBias:0.1,Multiplicity:1.00
0.001	0.040	0.958	0.001
0.001	0.765	0.141	0.093
0.661	0.217	0.079	0.043
0.075	0.809	0.058	0.058
0.066	0.043	0.240	0.651
0.001	0.072	0.926	0.001
0.030	0.050	0.043	0.877
0.058	0.037	0.855	0.050
0.001	0.891	0.107	0.001
0.001	0.997	0.001	0.001
0.891	0.107	0.001	0.001
0.161	0.115	0.723	0.001
>WSAGMAMACARA	2-WSAGMAMACARA	6.887222	-30.274103	0	T:50.0(27.32%),B:4016.9(8.48%),P:1e-13	Tpos:112.9,Tstd:51.7,Bpos:101.7,Bstd:68.2,StrandBias:0.7,Multiplicity:1.16
0.373	0.186	0.088	0.352
0.150	0.314	0.385	0.151
0.788	0.001	0.001	0.210
0.001	0.174	0.783	0.042
0.337	0.391	0.068	0.205
0.697	0.091	0.211	0.001
0.460	0.359	0.159	0.023
0.804	0.194	0.001	0.001
0.104	0.720	0.175	0.001
0.909	0.068	0.001	0.022
0.408	0.148	0.307	0.137
0.463	0.279	0.086	0.173
>GRYWAAKATTGA	3-GRYWAAKATTGA	10.518813	-25.437166	0	T:4.0(2.19%),B:1.9(0.00%),P:1e-11	Tpos:87.2,Tstd:54.2,Bpos:46.9,Bstd:58.5,StrandBias:0.6,Multiplicity:1.25
0.027	0.001	0.971	0.001
0.541	0.001	0.457	0.001
0.001	0.541	0.001	0.457
0.541	0.001	0.001	0.457
0.997	0.001	0.001	0.001
0.997	0.001	0.001	0.001
0.001	0.001	0.457	0.541
0.997	0.001	0.001	0.001
0.001	0.001	0.001	0.997
0.001	0.001	0.001	0.997
0.001	0.001	0.971	0.027
0.997	0.001	0.001	0.001
>GGAATGCAGAAA	4-GGAATGCAGAAA	14.412848	-25.437166	0	T:4.0(2.19%),B:1.3(0.00%),P:1e-11	Tpos:115.2,Tstd:22.3,Bpos:159.7,Bstd:5.8,StrandBias:0.0,Multiplicity:1.00
0.001	0.001	0.997	0.001
0.001	0.001	0.997	0.001
0.997	0.001	0.001	0.001
0.997	0.001	0.001	0.001
0.001	0.001	0.149	0.849
0.001	0.001	0.997	0.001
0.001	0.997	0.001	0.001
0.787	0.001	0.211	0.001
0.001	0.001	0.997	0.001
0.787	0.001	0.001	0.211
0.787	0.211	0.001	0.001
0.997	0.001	0.001	0.001
>AAATTCCAATGA	5-AAATTCCAATGA	8.491942	-22.348380	0	T:13.0(7.10%),B:293.2(0.62%),P:1e-9	Tpos:106.8,Tstd:43.3,Bpos:98.8,Bstd:58.4,StrandBias:0.7,Multiplicity:1.00
0.680	0.126	0.068	0.126
0.810	0.126	0.063	0.001
0.617	0.189	0.068	0.126
0.063	0.001	0.063	0.873
0.063	0.043	0.068	0.826
0.001	0.873	0.001	0.125
0.063	0.810	0.001	0.126
0.811	0.063	0.063	0.063
0.516	0.189	0.232	0.063
0.189	0.001	0.111	0.699
0.063	0.063	0.873	0.001
0.622	0.189	0.126	0.063
>CAKGGCWAGAGA	6-CAKGGCWAGAGA	10.283547	-21.964073	0	T:17.0(9.29%),B:600.0(1.27%),P:1e-9	Tpos:95.4,Tstd:53.4,Bpos:100.1,Bstd:70.9,StrandBias:1.6,Multiplicity:1.00
0.001	0.997	0.001	0.001
0.527	0.211	0.001	0.261
0.175	0.001	0.364	0.460
0.001	0.001	0.997	0.001
0.175	0.001	0.823	0.001
0.001	0.824	0.001	0.174
0.517	0.001	0.001	0.481
0.708	0.001	0.290	0.001
0.266	0.001	0.732	0.001
0.697	0.001	0.001	0.301
0.001	0.001	0.997	0.001
0.794	0.001	0.204	0.001
>CGGACCCWGCAG	7-CGGACCCWGCAG	11.538049	-21.301811	0	T:15.0(8.20%),B:463.1(0.98%),P:1e-9	Tpos:105.1,Tstd:56.3,Bpos:103.2,Bstd:68.4,StrandBias:0.6,Multiplicity:1.00
0.259	0.739	0.001	0.001
0.234	0.033	0.732	0.001
0.001	0.017	0.981	0.001
0.685	0.263	0.019	0.033
0.192	0.573	0.234	0.001
0.001	0.807	0.191	0.001
0.001	0.997	0.001	0.001
0.524	0.001	0.001	0.474
0.001	0.001	0.997	0.001
0.001	0.997	0.001	0.001
0.997	0.001	0.001	0.001
0.018	0.001	0.979	0.002
>TGCCCAARCAAT	8-TGCCCAARCAAT	6.668679	-21.206735	0	T:27.0(14.75%),B:1701.4(3.59%),P:1e-9	Tpos:116.4,Tstd:53.9,Bpos:102.7,Bstd:65.4,StrandBias:1.1,Multiplicity:1.08
0.305	0.001	0.001	0.693
0.252	0.220	0.527	0.001
0.315	0.465	0.126	0.095
0.095	0.433	0.220	0.252
0.188	0.560	0.188	0.064
0.873	0.001	0.125	0.001
0.629	0.189	0.119	0.063
0.409	0.220	0.370	0.001
0.221	0.559	0.095	0.125
0.598	0.400	0.001	0.001
0.472	0.221	0.157	0.150
0.125	0.126	0.149	0.600
>GCGAGGGCGCAC	9-GCGAGGGCGCAC	10.818500	-19.837415	0	T:5.0(2.73%),B:13.9(0.03%),P:1e-8	Tpos:133.4,Tstd:42.5,Bpos:97.0,Bstd:49.4,StrandBias:0.6,Multiplicity:1.00
0.001	0.001	0.997	0.001
0.001	0.997	0.001	0.001
0.001	0.001	0.997	0.001
0.997	0.001	0.001	0.001
0.001	0.001	0.997	0.001
0.001	0.001	0.997	0.001
0.001	0.001	0.997	0.001
0.001	0.845	0.153	0.001
0.001	0.001	0.997	0.001
0.001	0.869	0.129	0.001
0.997	0.001	0.001	0.001
0.001	0.975	0.023	0.001
>GCAGAGTCCATG	10-GCAGAGTCCATG	14.412848	-19.011509	0	T:4.0(2.19%),B:5.3(0.01%),P:1e-8	Tpos:93.0,Tstd:55.6,Bpos:99.2,Bstd:28.9,StrandBias:1.6,Multiplicity:1.00
0.001	0.149	0.849	0.001
0.001	0.997	0.001	0.001
0.997	0.001	0.001	0.001
0.211	0.001	0.787	0.001
0.787	0.001	0.211	0.001
0.001	0.001	0.997	0.001
0.001	0.001	0.001	0.997
0.001	0.997	0.001	0.001
0.001	0.997	0.001	0.001
0.997	0.001	0.001	0.001
0.001	0.211	0.001	0.787
0.001	0.001	0.997	0.001
>TGATGCCATGCG	11-TGATGCCATGCG	8.433289	-16.235586	0	T:6.0(3.28%),B:54.3(0.11%),P:1e-7	Tpos:103.4,Tstd:48.9,Bpos:92.2,Bstd:49.1,StrandBias:1.3,Multiplicity:1.17
0.001	0.001	0.001	0.997
0.001	0.001	0.997	0.001
0.951	0.047	0.001	0.001
0.047	0.001	0.001	0.951
0.047	0.001	0.951	0.001
0.001	0.950	0.001	0.048
0.007	0.944	0.001	0.048
0.997	0.001	0.001	0.001
0.001	0.001	0.001	0.997
0.001	0.048	0.944	0.007
0.001	0.997	0.001	0.001
0.001	0.153	0.845	0.001
>TGGGAGGGGCCT	12-TGGGAGGGGCCT	9.413311	-11.980629	0	T:22.0(12.02%),B:1925.0(4.07%),P:1e-5	Tpos:123.3,Tstd:48.1,Bpos:98.9,Bstd:62.3,StrandBias:0.2,Multiplicity:1.06
0.135	0.182	0.157	0.526
0.001	0.088	0.827	0.084
0.004	0.001	0.994	0.001
0.120	0.001	0.876	0.003
0.646	0.351	0.002	0.001
0.002	0.241	0.657	0.100
0.002	0.001	0.753	0.244
0.003	0.001	0.994	0.002
0.001	0.001	0.997	0.001
0.301	0.697	0.001	0.001
0.007	0.703	0.149	0.141
0.003	0.153	0.098	0.746
>AGGTGCCCAAMT	13-AGGTGCCCAAMT	11.730787	-11.909514	0	T:3.0(1.64%),B:9.7(0.02%),P:1e-5	Tpos:119.2,Tstd:52.2,Bpos:136.3,Bstd:61.3,StrandBias:1.0,Multiplicity:2.00
0.936	0.061	0.001	0.002
0.261	0.001	0.737	0.001
0.001	0.001	0.648	0.350
0.001	0.001	0.162	0.836
0.087	0.001	0.825	0.087
0.087	0.825	0.087	0.001
0.001	0.837	0.087	0.075
0.174	0.649	0.087	0.090
0.825	0.087	0.001	0.087
0.514	0.236	0.174	0.076
0.536	0.402	0.061	0.001
0.149	0.101	0.236	0.514
>CTGGGGCGTGGC	14-CTGGGGCGTGGC	6.517702	-7.778168	0	T:98.0(53.55%),B:19424.9(41.03%),P:1e-3	Tpos:98.4,Tstd:54.3,Bpos:99.3,Bstd:66.1,StrandBias:0.2,Multiplicity:1.45
0.100	0.700	0.100	0.100
0.100	0.100	0.100	0.700
0.100	0.100	0.700	0.100
0.100	0.100	0.700	0.100
0.100	0.100	0.700	0.100
0.100	0.100	0.700	0.100
0.100	0.700	0.100	0.100
0.100	0.100	0.700	0.100
0.100	0.100	0.100	0.700
0.100	0.100	0.700	0.100
0.100	0.100	0.700	0.100
0.100	0.700	0.100	0.100
>CCCTACTGACTG	15-CCCTACTGACTG	16.404031	-5.557694	0	T:1.0(0.55%),B:1.5(0.00%),P:1e-2	Tpos:99.8,Tstd:41.9,Bpos:46.5,Bstd:7.3,StrandBias:10.0,Multiplicity:5.00
0.001	0.997	0.001	0.001
0.001	0.997	0.001	0.001
0.001	0.997	0.001	0.001
0.001	0.001	0.001	0.997
0.997	0.001	0.001	0.001
0.001	0.997	0.001	0.001
0.001	0.001	0.001	0.997
0.001	0.001	0.997	0.001
0.820	0.001	0.001	0.178
0.001	0.997	0.001	0.001
0.001	0.001	0.001	0.997
0.001	0.001	0.997	0.001
>GTGGGAGACGTG	16-GTGGGAGACGTG	12.355432	-5.557694	0	T:1.0(0.55%),B:0.9(0.00%),P:1e-2	Tpos:104.0,Tstd:62.2,Bpos:115.5,Bstd:46.7,StrandBias:10.0,Multiplicity:5.00
0.100	0.100	0.700	0.100
0.100	0.100	0.100	0.700
0.100	0.100	0.700	0.100
0.100	0.100	0.700	0.100
0.100	0.100	0.700	0.100
0.700	0.100	0.100	0.100
0.100	0.100	0.700	0.100
0.700	0.100	0.100	0.100
0.100	0.700	0.100	0.100
0.100	0.100	0.700	0.100
0.100	0.100	0.100	0.700
0.100	0.100	0.700	0.100
>ATCGCAGTTCCC	17-ATCGCAGTTCCC	12.355432	-5.557694	0	T:1.0(0.55%),B:0.0(0.00%),P:1e-2	Tpos:79.5,Tstd:54.8,Bpos:0.0,Bstd:0.0,StrandBias:10.0,Multiplicity:4.00
0.700	0.100	0.100	0.100
0.100	0.100	0.100	0.700
0.100	0.700	0.100	0.100
0.100	0.100	0.700	0.100
0.100	0.700	0.100	0.100
0.700	0.100	0.100	0.100
0.100	0.100	0.700	0.100
0.100	0.100	0.100	0.700
0.100	0.100	0.100	0.700
0.100	0.700	0.100	0.100
0.100	0.700	0.100	0.100
0.100	0.700	0.100	0.100
>GGCTCTGTCCTA	18-GGCTCTGTCCTA	12.355432	-4.866467	0	T:1.0(0.55%),B:2.5(0.01%),P:1e-2	Tpos:107.5,Tstd:54.8,Bpos:33.7,Bstd:9.2,StrandBias:10.0,Multiplicity:4.00
0.100	0.100	0.700	0.100
0.100	0.100	0.700	0.100
0.100	0.700	0.100	0.100
0.100	0.100	0.100	0.700
0.100	0.700	0.100	0.100
0.100	0.100	0.100	0.700
0.100	0.100	0.700	0.100
0.100	0.100	0.100	0.700
0.100	0.700	0.100	0.100
0.100	0.700	0.100	0.100
0.100	0.100	0.100	0.700
0.700	0.100	0.100	0.100
>NNNNNNNNNNNN	19-NNNNNNNNNNNN	-nan	0.000000	0	T:0.0(0.00%),B:0.0(0.00%),P:1e0	Tpos:0.0,Tstd:0.0,Bpos:0.0,Bstd:0.0,StrandBias:0.0,Multiplicity:1.00
-nan	-nan	-nan	-nan
-nan	-nan	-nan	-nan
-nan	-nan	-nan	-nan
-nan	-nan	-nan	-nan
-nan	-nan	-nan	-nan
-nan	-nan	-nan	-nan
-nan	-nan	-nan	-nan
-nan	-nan	-nan	-nan
-nan	-nan	-nan	-nan
-nan	-nan	-nan	-nan
-nan	-nan	-nan	-nan
-nan	-nan	-nan	-nan
